event_date,selection_label,pixel_id,longitude,latitude,precipitation_mm,climatology_mm,anomaly_standardized,anomaly_mm,is_extreme,is_intense,intensity_category,anomaly_category,year,month,day,day_of_year,season_phase,phase_description,region,climate_zone,distance_to_coast_km,cluster,criterion,phase
2009-08-28,C0_plus_intense + C7_plus_intense,2009-08-28_000_003,-16.625,12.375,68.53536224365234,17.586761474609375,3.2255756855010986,50.94860076904297,True,True,tres forte,exceptionnelle,2009,8,28,240,Phase_2_pleine,Pleine saison (Juillet-Aout),Ziguinchor,Zone soudanienne,95.14188,0,plus_intense,Phase_2_pleine
2009-08-28,C0_plus_intense + C7_plus_intense,2009-08-28_000_004,-16.375,12.375,65.21878051757812,17.81289291381836,2.8253839015960693,47.405887603759766,True,True,tres forte,tres humide,2009,8,28,240,Phase_2_pleine,Pleine saison (Juillet-Aout),Ziguinchor,Zone soudanienne,122.32527,0,plus_intense,Phase_2_pleine
2009-08-28,C0_plus_intense + C7_plus_intense,2009-08-28_000_020,-12.375,12.375,21.115747451782227,19.526805877685547,0.09482043236494064,1.5889415740966797,False,True,forte,normale,2009,8,28,240,Phase_2_pleine,Pleine saison (Juillet-Aout),Kédougou,Zone soudanienne,557.2596,0,plus_intense,Phase_2_pleine
2009-08-28,C0_plus_intense + C7_plus_intense,2009-08-28_001_003,-16.625,12.625,82.76788330078125,19.58730697631836,3.748305082321167,63.18057632446289,True,True,tres forte,exceptionnelle,2009,8,28,240,Phase_2_pleine,Pleine saison (Juillet-Aout),Ziguinchor,Zone soudanienne,95.04989,0,plus_intense,Phase_2_pleine
2009-08-28,C0_plus_intense + C7_plus_intense,2009-08-28_001_004,-16.375,12.625,46.15499496459961,18.14354705810547,1.894084095954895,28.01144790649414,False,True,forte,humide,2009,8,28,240,Phase_2_pleine,Pleine saison (Juillet-Aout),Ziguinchor,Zone soudanienne,122.20701,0,plus_intense,Phase_2_pleine
2009-08-28,C0_plus_intense + C7_plus_intense,2009-08-28_001_005,-16.125,12.625,37.57585525512695,15.972412109375,1.6296941041946411,21.603443145751953,False,True,forte,humide,2009,8,28,240,Phase_2_pleine,Pleine saison (Juillet-Aout),Sédhiou,Zone soudanienne,149.36412,0,plus_intense,Phase_2_pleine
2009-08-28,C0_plus_intense + C7_plus_intense,2009-08-28_001_006,-15.875,12.625,41.227508544921875,15.831929206848145,2.113569736480713,25.39557933807373,True,True,forte,tres humide,2009,8,28,240,Phase_2_pleine,Pleine saison (Juillet-Aout),Sédhiou,Zone soudanienne,176.52124,0,plus_intense,Phase_2_pleine
2009-08-28,C0_plus_intense + C7_plus_intense,2009-08-28_001_007,-15.625,12.625,37.59666061401367,14.55911922454834,2.0437493324279785,23.037541389465332,True,True,forte,tres humide,2009,8,28,240,Phase_2_pleine,Pleine saison (Juillet-Aout),Sédhiou,Zone soudanienne,203.67834,0,plus_intense,Phase_2_pleine
2009-08-28,C0_plus_intense + C7_plus_intense,2009-08-28_001_008,-15.375,12.625,34.526756286621094,15.663655281066895,1.5400058031082153,18.8631010055542,False,True,forte,humide,2009,8,28,240,Phase_2_pleine,Pleine saison (Juillet-Aout),Kolda,Zone soudanienne,230.83545,0,plus_intense,Phase_2_pleine
2009-08-28,C0_plus_intense + C7_plus_intense,2009-08-28_001_018,-12.875,12.625,20.44333267211914,14.293431282043457,0.44194886088371277,6.149901390075684,False,True,forte,normale,2009,8,28,240,Phase_2_pleine,Pleine saison (Juillet-Aout),Kédougou,Zone soudanienne,502.40656,0,plus_intense,Phase_2_pleine
2009-08-28,C0_plus_intense + C7_plus_intense,2009-08-28_001_019,-12.625,12.625,21.672260284423828,13.262733459472656,0.6722882986068726,8.409526824951172,False,True,forte,normale,2009,8,28,240,Phase_2_pleine,Pleine saison (Juillet-Aout),Kédougou,Zone soudanienne,529.56366,0,plus_intense,Phase_2_pleine
2009-08-28,C0_plus_intense + C7_plus_intense,2009-08-28_001_020,-12.375,12.625,17.537614822387695,14.247154235839844,0.2509151101112366,3.2904605865478516,False,False,moderee,normale,2009,8,28,240,Phase_2_pleine,Pleine saison (Juillet-Aout),Kédougou,Zone soudanienne,556.7208,0,plus_intense,Phase_2_pleine
2009-08-28,C0_plus_intense + C7_plus_intense,2009-08-28_001_021,-12.125,12.625,21.206832885742188,14.506909370422363,0.49593955278396606,6.699923515319824,False,True,forte,normale,2009,8,28,240,Phase_2_pleine,Pleine saison (Juillet-Aout),Kédougou,Zone soudanienne,583.87787,0,plus_intense,Phase_2_pleine
2009-08-28,C0_plus_intense + C7_plus_intense,2009-08-28_001_022,-11.875,12.625,26.091114044189453,13.827900886535645,0.9150331020355225,12.263213157653809,False,True,forte,normale,2009,8,28,240,Phase_2_pleine,Pleine saison (Juillet-Aout),Kédougou,Zone soudanienne,611.03503,0,plus_intense,Phase_2_pleine
2009-08-28,C0_plus_intense + C7_plus_intense,2009-08-28_001_023,-11.625,12.625,13.566567420959473,14.383634567260742,-0.055310316383838654,-0.8170671463012695,False,False,moderee,normale,2009,8,28,240,Phase_2_pleine,Pleine saison (Juillet-Aout),Kédougou,Zone soudanienne,638.19214,0,plus_intense,Phase_2_pleine
2009-08-28,C0_plus_intense + C7_plus_intense,2009-08-28_002_003,-16.625,12.875,132.57249450683594,22.94504165649414,4.5664167404174805,109.6274528503418,True,True,extreme,exceptionnelle,2009,8,28,240,Phase_2_pleine,Pleine saison (Juillet-Aout),Ziguinchor,Zone soudanienne,94.95609,0,plus_intense,Phase_2_pleine
2009-08-28,C0_plus_intense + C7_plus_intense,2009-08-28_002_004,-16.375,12.875,51.627681732177734,16.956125259399414,2.393718957901001,34.67155647277832,True,True,tres forte,tres humide,2009,8,28,240,Phase_2_pleine,Pleine saison (Juillet-Aout),Ziguinchor,Zone soudanienne,122.08641,0,plus_intense,Phase_2_pleine
2009-08-28,C0_plus_intense + C7_plus_intense,2009-08-28_002_005,-16.125,12.875,46.681400299072266,13.77734088897705,2.8073768615722656,32.904059410095215,True,True,forte,tres humide,2009,8,28,240,Phase_2_pleine,Pleine saison (Juillet-Aout),Sédhiou,Zone soudanienne,149.21672,0,plus_intense,Phase_2_pleine
2009-08-28,C0_plus_intense + C7_plus_intense,2009-08-28_002_006,-15.875,12.875,45.107391357421875,13.574928283691406,2.8399884700775146,31.53246307373047,True,True,forte,tres humide,2009,8,28,240,Phase_2_pleine,Pleine saison (Juillet-Aout),Sédhiou,Zone soudanienne,176.34703,0,plus_intense,Phase_2_pleine
2009-08-28,C0_plus_intense + C7_plus_intense,2009-08-28_002_007,-15.625,12.875,34.92619323730469,13.577875137329102,2.128862142562866,21.348318099975586,True,True,forte,tres humide,2009,8,28,240,Phase_2_pleine,Pleine saison (Juillet-Aout),Sédhiou,Zone soudanienne,203.47736,0,plus_intense,Phase_2_pleine
2009-08-28,C0_plus_intense + C7_plus_intense,2009-08-28_002_008,-15.375,12.875,37.15959548950195,14.117911338806152,1.9993140697479248,23.0416841506958,False,True,forte,humide,2009,8,28,240,Phase_2_pleine,Pleine saison (Juillet-Aout),Kolda,Zone soudanienne,230.60765,0,plus_intense,Phase_2_pleine
2009-08-28,C0_plus_intense + C7_plus_intense,2009-08-28_002_009,-15.125,12.875,31.636991500854492,15.459432601928711,1.2283928394317627,16.17755889892578,False,True,forte,humide,2009,8,28,240,Phase_2_pleine,Pleine saison (Juillet-Aout),Kolda,Zone soudanienne,257.73798,0,plus_intense,Phase_2_pleine
2009-08-28,C0_plus_intense + C7_plus_intense,2009-08-28_002_010,-14.875,12.875,22.97406578063965,16.01702880859375,0.5293542742729187,6.957036972045898,False,True,forte,normale,2009,8,28,240,Phase_2_pleine,Pleine saison (Juillet-Aout),Kolda,Zone soudanienne,284.8683,0,plus_intense,Phase_2_pleine
2009-08-28,C0_plus_intense + C7_plus_intense,2009-08-28_002_011,-14.625,12.875,17.08156967163086,14.099207878112793,0.2642650604248047,2.9823617935180664,False,False,moderee,normale,2009,8,28,240,Phase_2_pleine,Pleine saison (Juillet-Aout),Kolda,Zone soudanienne,311.9986,0,plus_intense,Phase_2_pleine
2009-08-28,C0_plus_intense + C7_plus_intense,2009-08-28_002_012,-14.375,12.875,19.101259231567383,13.307076454162598,0.524120569229126,5.794182777404785,False,False,moderee,normale,2009,8,28,240,Phase_2_pleine,Pleine saison (Juillet-Aout),Kolda,Zone soudanienne,339.1289,0,plus_intense,Phase_2_pleine
2009-08-28,C0_plus_intense + C7_plus_intense,2009-08-28_002_013,-14.125,12.875,20.686655044555664,11.771496772766113,0.8222230672836304,8.91515827178955,False,True,forte,normale,2009,8,28,240,Phase_2_pleine,Pleine saison (Juillet-Aout),Kolda,Zone soudanienne,366.25922,0,plus_intense,Phase_2_pleine
2009-08-28,C0_plus_intense + C7_plus_intense,2009-08-28_002_014,-13.875,12.875,20.16559410095215,12.525863647460938,0.6441478729248047,7.639730453491211,False,True,forte,normale,2009,8,28,240,Phase_2_pleine,Pleine saison (Juillet-Aout),Tambacounda,Zone soudanienne,393.38953,0,plus_intense,Phase_2_pleine
2009-08-28,C0_plus_intense + C7_plus_intense,2009-08-28_002_015,-13.625,12.875,18.46689796447754,12.579261779785156,0.5179527997970581,5.887636184692383,False,False,moderee,normale,2009,8,28,240,Phase_2_pleine,Pleine saison (Juillet-Aout),Tambacounda,Zone soudanienne,420.51984,0,plus_intense,Phase_2_pleine
2009-08-28,C0_plus_intense + C7_plus_intense,2009-08-28_002_016,-13.375,12.875,13.033267974853516,10.29043960571289,0.25965574383735657,2.742828369140625,False,False,moderee,normale,2009,8,28,240,Phase_2_pleine,Pleine saison (Juillet-Aout),Tambacounda,Zone soudanienne,447.65018,0,plus_intense,Phase_2_pleine
2009-08-28,C0_plus_intense + C7_plus_intense,2009-08-28_002_017,-13.125,12.875,11.443514823913574,11.881673812866211,-0.03581372648477554,-0.4381589889526367,False,False,moderee,normale,2009,8,28,240,Phase_2_pleine,Pleine saison (Juillet-Aout),Kédougou,Zone soudanienne,474.78046,0,plus_intense,Phase_2_pleine
2009-08-28,C0_plus_intense + C7_plus_intense,2009-08-28_002_018,-12.875,12.875,13.727619171142578,13.036293029785156,0.05277803912758827,0.6913261413574219,False,False,moderee,normale,2009,8,28,240,Phase_2_pleine,Pleine saison (Juillet-Aout),Kédougou,Zone soudanienne,501.91077,0,plus_intense,Phase_2_pleine
2009-08-28,C0_plus_intense + C7_plus_intense,2009-08-28_002_019,-12.625,12.875,18.0385684967041,13.124395370483398,0.3828158676624298,4.914173126220703,False,False,moderee,normale,2009,8,28,240,Phase_2_pleine,Pleine saison (Juillet-Aout),Kédougou,Zone soudanienne,529.0411,0,plus_intense,Phase_2_pleine
2009-08-28,C0_plus_intense + C7_plus_intense,2009-08-28_002_020,-12.375,12.875,17.56255340576172,12.838289260864258,0.3419756293296814,4.724264144897461,False,False,moderee,normale,2009,8,28,240,Phase_2_pleine,Pleine saison (Juillet-Aout),Kédougou,Zone soudanienne,556.17145,0,plus_intense,Phase_2_pleine
2009-08-28,C0_plus_intense + C7_plus_intense,2009-08-28_002_021,-12.125,12.875,19.948261260986328,13.165570259094238,0.5155665874481201,6.78269100189209,False,False,moderee,normale,2009,8,28,240,Phase_2_pleine,Pleine saison (Juillet-Aout),Kédougou,Zone soudanienne,583.3017,0,plus_intense,Phase_2_pleine
2009-08-28,C0_plus_intense + C7_plus_intense,2009-08-28_002_022,-11.875,12.875,19.803539276123047,11.994428634643555,0.6134302616119385,7.809110641479492,False,False,moderee,normale,2009,8,28,240,Phase_2_pleine,Pleine saison (Juillet-Aout),Kédougou,Zone soudanienne,610.432,0,plus_intense,Phase_2_pleine
2009-08-28,C0_plus_intense + C7_plus_intense,2009-08-28_002_023,-11.625,12.875,13.172794342041016,11.809895515441895,0.11323542147874832,1.362898826599121,False,False,moderee,normale,2009,8,28,240,Phase_2_pleine,Pleine saison (Juillet-Aout),Kédougou,Zone soudanienne,637.5624,0,plus_intense,Phase_2_pleine
2009-08-28,C0_plus_intense + C7_plus_intense,2009-08-28_003_003,-16.625,13.125,81.47612762451172,15.321986198425293,4.096562385559082,66.15414142608643,True,True,tres forte,exceptionnelle,2009,8,28,240,Phase_2_pleine,Pleine saison (Juillet-Aout),Ziguinchor,Zone soudanienne,94.86048,0,plus_intense,Phase_2_pleine
2009-08-28,C0_plus_intense + C7_plus_intense,2009-08-28_003_004,-16.375,13.125,29.074176788330078,13.655384063720703,1.2063801288604736,15.418792724609375,False,True,forte,humide,2009,8,28,240,Phase_2_pleine,Pleine saison (Juillet-Aout),Ziguinchor,Zone soudanienne,121.96348,0,plus_intense,Phase_2_pleine
2009-08-28,C0_plus_intense + C7_plus_intense,2009-08-28_003_005,-16.125,13.125,29.118974685668945,11.913094520568848,1.7018523216247559,17.205880165100098,False,True,forte,humide,2009,8,28,240,Phase_2_pleine,Pleine saison (Juillet-Aout),Sédhiou,Zone soudanienne,149.06648,0,plus_intense,Phase_2_pleine
2009-08-28,C0_plus_intense + C7_plus_intense,2009-08-28_003_006,-15.875,13.125,41.75026321411133,12.66439437866211,2.7385454177856445,29.08586883544922,True,True,forte,tres humide,2009,8,28,240,Phase_2_pleine,Pleine saison (Juillet-Aout),Sédhiou,Zone soudanienne,176.16948,0,plus_intense,Phase_2_pleine
2009-08-28,C0_plus_intense + C7_plus_intense,2009-08-28_003_007,-15.625,13.125,38.07683181762695,13.619654655456543,2.228093385696411,24.45717716217041,True,True,forte,tres humide,2009,8,28,240,Phase_2_pleine,Pleine saison (Juillet-Aout),Sédhiou,Zone soudanienne,203.27248,0,plus_intense,Phase_2_pleine
2009-08-28,C0_plus_intense + C7_plus_intense,2009-08-28_003_008,-15.375,13.125,40.68906021118164,12.649977684020996,2.5819242000579834,28.039082527160645,True,True,forte,tres humide,2009,8,28,240,Phase_2_pleine,Pleine saison (Juillet-Aout),Kolda,Zone soudanienne,230.37546,0,plus_intense,Phase_2_pleine
2009-08-28,C0_plus_intense + C7_plus_intense,2009-08-28_003_009,-15.125,13.125,48.84697723388672,13.707801818847656,2.9346439838409424,35.13917541503906,True,True,forte,tres humide,2009,8,28,240,Phase_2_pleine,Pleine saison (Juillet-Aout),Kolda,Zone soudanienne,257.47845,0,plus_intense,Phase_2_pleine
2009-08-28,C0_plus_intense + C7_plus_intense,2009-08-28_003_010,-14.875,13.125,29.486082077026367,13.762872695922852,1.3115513324737549,15.723209381103516,False,True,forte,humide,2009,8,28,240,Phase_2_pleine,Pleine saison (Juillet-Aout),Kolda,Zone soudanienne,284.58145,0,plus_intense,Phase_2_pleine
2009-08-28,C0_plus_intense + C7_plus_intense,2009-08-28_003_011,-14.625,13.125,24.657127380371094,12.258460998535156,1.2454735040664673,12.398666381835938,False,True,forte,humide,2009,8,28,240,Phase_2_pleine,Pleine saison (Juillet-Aout),Kolda,Zone soudanienne,311.68445,0,plus_intense,Phase_2_pleine
2009-08-28,C0_plus_intense + C7_plus_intense,2009-08-28_003_012,-14.375,13.125,24.555870056152344,12.037049293518066,1.2328625917434692,12.518820762634277,False,True,forte,humide,2009,8,28,240,Phase_2_pleine,Pleine saison (Juillet-Aout),Tambacounda,Zone soudanienne,338.78745,0,plus_intense,Phase_2_pleine
2009-08-28,C0_plus_intense + C7_plus_intense,2009-08-28_003_013,-14.125,13.125,24.583267211914062,11.893204689025879,1.1112862825393677,12.690062522888184,False,True,forte,humide,2009,8,28,240,Phase_2_pleine,Pleine saison (Juillet-Aout),Tambacounda,Zone soudanienne,365.89044,0,plus_intense,Phase_2_pleine
2009-08-28,C0_plus_intense + C7_plus_intense,2009-08-28_003_014,-13.875,13.125,21.279207229614258,10.965523719787598,0.9371602535247803,10.31368350982666,False,True,forte,normale,2009,8,28,240,Phase_2_pleine,Pleine saison (Juillet-Aout),Tambacounda,Zone soudanienne,392.99344,0,plus_intense,Phase_2_pleine
2009-08-28,C0_plus_intense + C7_plus_intense,2009-08-28_003_015,-13.625,13.125,16.633573532104492,10.918580055236816,0.5389494299888611,5.714993476867676,False,False,moderee,normale,2009,8,28,240,Phase_2_pleine,Pleine saison (Juillet-Aout),Tambacounda,Zone soudanienne,420.09644,0,plus_intense,Phase_2_pleine
2009-08-28,C0_plus_intense + C7_plus_intense,2009-08-28_003_016,-13.375,13.125,8.658197402954102,9.78969669342041,-0.11654382944107056,-1.1314992904663086,False,False,moderee,normale,2009,8,28,240,Phase_2_pleine,Pleine saison (Juillet-Aout),Tambacounda,Zone soudanienne,447.19943,0,plus_intense,Phase_2_pleine
2009-08-28,C0_plus_intense + C7_plus_intense,2009-08-28_003_017,-13.125,13.125,7.939952850341797,10.303016662597656,-0.22414089739322662,-2.3630638122558594,False,False,moderee,normale,2009,8,28,240,Phase_2_pleine,Pleine saison (Juillet-Aout),Tambacounda,Zone soudanienne,474.30243,0,plus_intense,Phase_2_pleine
2009-08-28,C0_plus_intense + C7_plus_intense,2009-08-28_003_018,-12.875,13.125,12.535887718200684,11.19896411895752,0.11821619421243668,1.336923599243164,False,False,moderee,normale,2009,8,28,240,Phase_2_pleine,Pleine saison (Juillet-Aout),Tambacounda,Zone soudanienne,501.4054,0,plus_intense,Phase_2_pleine
2009-08-28,C0_plus_intense + C7_plus_intense,2009-08-28_003_019,-12.625,13.125,18.08361053466797,12.47113037109375,0.4715638756752014,5.612480163574219,False,False,moderee,normale,2009,8,28,240,Phase_2_pleine,Pleine saison (Juillet-Aout),Tambacounda,Zone soudanienne,528.5084,0,plus_intense,Phase_2_pleine
2009-08-28,C0_plus_intense + C7_plus_intense,2009-08-28_003_020,-12.375,13.125,22.1984920501709,13.151335716247559,0.6868466734886169,9.04715633392334,False,True,forte,normale,2009,8,28,240,Phase_2_pleine,Pleine saison (Juillet-Aout),Tambacounda,Zone soudanienne,555.61145,0,plus_intense,Phase_2_pleine
2009-08-28,C0_plus_intense + C7_plus_intense,2009-08-28_003_021,-12.125,13.125,19.155921936035156,13.039669036865234,0.47767704725265503,6.116252899169922,False,False,moderee,normale,2009,8,28,240,Phase_2_pleine,Pleine saison (Juillet-Aout),Tambacounda,Zone soudanienne,582.71436,0,plus_intense,Phase_2_pleine
2009-08-28,C0_plus_intense + C7_plus_intense,2009-08-28_003_022,-11.875,13.125,10.458083152770996,11.836002349853516,-0.10086338967084885,-1.3779191970825195,False,False,moderee,normale,2009,8,28,240,Phase_2_pleine,Pleine saison (Juillet-Aout),Tambacounda,Zone soudanienne,609.8174,0,plus_intense,Phase_2_pleine
2009-08-28,C0_plus_intense + C7_plus_intense,2009-08-28_003_023,-11.625,13.125,6.309683799743652,11.438361167907715,-0.4160315990447998,-5.1286773681640625,False,False,moderee,normale,2009,8,28,240,Phase_2_pleine,Pleine saison (Juillet-Aout),Tambacounda,Zone soudanienne,636.9204,0,plus_intense,Phase_2_pleine
2009-08-28,C0_plus_intense + C7_plus_intense,2009-08-28_004_009,-15.125,13.375,26.371538162231445,10.4630708694458,1.6039732694625854,15.908467292785645,False,True,forte,humide,2009,8,28,240,Phase_2_pleine,Pleine saison (Juillet-Aout),Kolda,Zone soudanienne,257.21408,0,plus_intense,Phase_2_pleine
2009-08-28,C0_plus_intense + C7_plus_intense,2009-08-28_004_010,-14.875,13.375,28.148422241210938,10.409626960754395,1.7623019218444824,17.738795280456543,False,True,forte,humide,2009,8,28,240,Phase_2_pleine,Pleine saison (Juillet-Aout),Kolda,Zone soudanienne,284.2892,0,plus_intense,Phase_2_pleine
2009-08-28,C0_plus_intense + C7_plus_intense,2009-08-28_004_015,-13.625,13.375,5.307555675506592,9.43532657623291,-0.3790786564350128,-4.127770900726318,False,False,moderee,normale,2009,8,28,240,Phase_2_pleine,Pleine saison (Juillet-Aout),Tambacounda,Zone soudanienne,419.66504,0,plus_intense,Phase_2_pleine
2009-08-28,C0_plus_intense + C7_plus_intense,2009-08-28_004_016,-13.375,13.375,4.364169120788574,9.2384672164917,-0.4750329256057739,-4.874298095703125,False,False,faible,normale,2009,8,28,240,Phase_2_pleine,Pleine saison (Juillet-Aout),Tambacounda,Zone soudanienne,446.7402,0,plus_intense,Phase_2_pleine
2009-08-28,C0_plus_intense + C7_plus_intense,2009-08-28_004_017,-13.125,13.375,1.7513967752456665,10.182174682617188,-0.7775910496711731,-8.430777907371521,False,False,faible,normale,2009,8,28,240,Phase_2_pleine,Pleine saison (Juillet-Aout),Tambacounda,Zone soudanienne,473.81537,0,plus_intense,Phase_2_pleine
2009-08-28,C0_plus_intense + C7_plus_intense,2009-08-28_004_018,-12.875,13.375,7.754510402679443,10.810476303100586,-0.27599361538887024,-3.0559659004211426,False,False,moderee,normale,2009,8,28,240,Phase_2_pleine,Pleine saison (Juillet-Aout),Tambacounda,Zone soudanienne,500.89053,0,plus_intense,Phase_2_pleine
2009-08-28,C0_plus_intense + C7_plus_intense,2009-08-28_004_019,-12.625,13.375,16.001848220825195,11.689726829528809,0.38354620337486267,4.312121391296387,False,False,moderee,normale,2009,8,28,240,Phase_2_pleine,Pleine saison (Juillet-Aout),Tambacounda,Zone soudanienne,527.9657,0,plus_intense,Phase_2_pleine
2009-08-28,C0_plus_intense + C7_plus_intense,2009-08-28_004_020,-12.375,13.375,21.651872634887695,11.676332473754883,0.8654018640518188,9.975540161132812,False,True,forte,normale,2009,8,28,240,Phase_2_pleine,Pleine saison (Juillet-Aout),Tambacounda,Zone soudanienne,555.0409,0,plus_intense,Phase_2_pleine
2009-08-28,C0_plus_intense + C7_plus_intense,2009-08-28_004_021,-12.125,13.375,12.038344383239746,10.924931526184082,0.10252998769283295,1.113412857055664,False,False,moderee,normale,2009,8,28,240,Phase_2_pleine,Pleine saison (Juillet-Aout),Tambacounda,Zone soudanienne,582.116,0,plus_intense,Phase_2_pleine
2009-08-28,C0_plus_intense + C7_plus_intense,2009-08-28_004_022,-11.875,13.375,7.543006420135498,11.232549667358398,-0.3074021339416504,-3.6895432472229004,False,False,moderee,normale,2009,8,28,240,Phase_2_pleine,Pleine saison (Juillet-Aout),Tambacounda,Zone soudanienne,609.19116,0,plus_intense,Phase_2_pleine
2009-08-28,C0_plus_intense + C7_plus_intense,2009-08-28_004_023,-11.625,13.375,2.45904278755188,11.167482376098633,-0.6648691892623901,-8.708439588546753,False,False,faible,normale,2009,8,28,240,Phase_2_pleine,Pleine saison (Juillet-Aout),Tambacounda,Zone soudanienne,636.26636,0,plus_intense,Phase_2_pleine
2009-08-28,C0_plus_intense + C7_plus_intense,2009-08-28_005_004,-16.375,13.625,41.169960021972656,10.973872184753418,2.8459842205047607,30.19608783721924,True,True,forte,tres humide,2009,8,28,240,Phase_2_pleine,Pleine saison (Juillet-Aout),Kaolack,Zone soudano-sahélienne,121.71068,0,plus_intense,Phase_2_pleine
2009-08-28,C0_plus_intense + C7_plus_intense,2009-08-28_005_005,-16.125,13.625,36.83203125,10.129966735839844,2.5874242782592773,26.702064514160156,True,True,forte,tres humide,2009,8,28,240,Phase_2_pleine,Pleine saison (Juillet-Aout),Kaolack,Zone soudano-sahélienne,148.75749,0,plus_intense,Phase_2_pleine
2009-08-28,C0_plus_intense + C7_plus_intense,2009-08-28_005_006,-15.875,13.625,25.2315731048584,9.563453674316406,1.7463383674621582,15.668119430541992,False,True,forte,humide,2009,8,28,240,Phase_2_pleine,Pleine saison (Juillet-Aout),Kaffrine,Zone soudano-sahélienne,175.80432,0,plus_intense,Phase_2_pleine
2009-08-28,C0_plus_intense + C7_plus_intense,2009-08-28_005_007,-15.625,13.625,29.29468536376953,10.203422546386719,2.050825357437134,19.091262817382812,True,True,forte,tres humide,2009,8,28,240,Phase_2_pleine,Pleine saison (Juillet-Aout),Kaffrine,Zone soudano-sahélienne,202.85114,0,plus_intense,Phase_2_pleine
2009-08-28,C0_plus_intense + C7_plus_intense,2009-08-28_005_012,-14.375,13.625,33.476680755615234,8.73219108581543,2.1942873001098633,24.744489669799805,True,True,forte,tres humide,2009,8,28,240,Phase_2_pleine,Pleine saison (Juillet-Aout),Tambacounda,Zone soudano-sahélienne,338.0852,0,plus_intense,Phase_2_pleine
2009-08-28,C0_plus_intense + C7_plus_intense,2009-08-28_005_013,-14.125,13.625,27.67630386352539,8.748175621032715,1.6157104969024658,18.928128242492676,False,True,forte,humide,2009,8,28,240,Phase_2_pleine,Pleine saison (Juillet-Aout),Tambacounda,Zone soudano-sahélienne,365.13202,0,plus_intense,Phase_2_pleine
2009-08-28,C0_plus_intense + C7_plus_intense,2009-08-28_005_014,-13.875,13.625,19.518959045410156,8.490110397338867,0.9843018651008606,11.028848648071289,False,False,moderee,normale,2009,8,28,240,Phase_2_pleine,Pleine saison (Juillet-Aout),Tambacounda,Zone soudano-sahélienne,392.17886,0,plus_intense,Phase_2_pleine
2009-08-28,C0_plus_intense + C7_plus_intense,2009-08-28_005_015,-13.625,13.625,8.488112449645996,7.94611930847168,0.058078452944755554,0.5419931411743164,False,False,moderee,normale,2009,8,28,240,Phase_2_pleine,Pleine saison (Juillet-Aout),Tambacounda,Zone soudano-sahélienne,419.22565,0,plus_intense,Phase_2_pleine
2009-08-28,C0_plus_intense + C7_plus_intense,2009-08-28_005_016,-13.375,13.625,4.321378707885742,8.433992385864258,-0.43702253699302673,-4.112613677978516,False,False,faible,normale,2009,8,28,240,Phase_2_pleine,Pleine saison (Juillet-Aout),Tambacounda,Zone soudano-sahélienne,446.2725,0,plus_intense,Phase_2_pleine
2009-08-28,C0_plus_intense + C7_plus_intense,2009-08-28_005_017,-13.125,13.625,0.0,9.456438064575195,-0.9171514511108398,-9.456438064575195,False,False,trace,normale,2009,8,28,240,Phase_2_pleine,Pleine saison (Juillet-Aout),Tambacounda,Zone soudano-sahélienne,473.3193,0,plus_intense,Phase_2_pleine
2009-08-28,C0_plus_intense + C7_plus_intense,2009-08-28_005_018,-12.875,13.625,0.8896068334579468,10.062005043029785,-0.8557916879653931,-9.172398209571838,False,False,trace,normale,2009,8,28,240,Phase_2_pleine,Pleine saison (Juillet-Aout),Tambacounda,Zone soudano-sahélienne,500.3661,0,plus_intense,Phase_2_pleine
2009-08-28,C0_plus_intense + C7_plus_intense,2009-08-28_005_019,-12.625,13.625,12.323840141296387,10.33682632446289,0.16932107508182526,1.987013816833496,False,False,moderee,normale,2009,8,28,240,Phase_2_pleine,Pleine saison (Juillet-Aout),Tambacounda,Zone soudano-sahélienne,527.4129,0,plus_intense,Phase_2_pleine
2009-08-28,C0_plus_intense + C7_plus_intense,2009-08-28_005_020,-12.375,13.625,11.336389541625977,9.398749351501465,0.18736718595027924,1.9376401901245117,False,False,moderee,normale,2009,8,28,240,Phase_2_pleine,Pleine saison (Juillet-Aout),Tambacounda,Zone soudano-sahélienne,554.4598,0,plus_intense,Phase_2_pleine
2009-08-28,C0_plus_intense + C7_plus_intense,2009-08-28_005_021,-12.125,13.625,9.750872611999512,10.344461441040039,-0.05429263785481453,-0.5935888290405273,False,False,moderee,normale,2009,8,28,240,Phase_2_pleine,Pleine saison (Juillet-Aout),Tambacounda,Zone soudano-sahélienne,581.50653,0,plus_intense,Phase_2_pleine
2009-08-28,C0_plus_intense + C7_plus_intense,2009-08-28_006_003,-16.625,13.875,52.45878219604492,12.467549324035645,2.9621880054473877,39.99123287200928,True,True,tres forte,tres humide,2009,8,28,240,Phase_2_pleine,Pleine saison (Juillet-Aout),Fatick,Zone soudano-sahélienne,94.562836,0,plus_intense,Phase_2_pleine
2009-08-28,C0_plus_intense + C7_plus_intense,2009-08-28_006_004,-16.375,13.875,40.82404327392578,10.062981605529785,3.0448086261749268,30.761061668395996,True,True,forte,exceptionnelle,2009,8,28,240,Phase_2_pleine,Pleine saison (Juillet-Aout),Fatick,Zone soudano-sahélienne,121.580795,0,plus_intense,Phase_2_pleine
2009-08-28,C0_plus_intense + C7_plus_intense,2009-08-28_006_005,-16.125,13.875,35.148231506347656,9.951272964477539,2.625495195388794,25.196958541870117,True,True,forte,tres humide,2009,8,28,240,Phase_2_pleine,Pleine saison (Juillet-Aout),Fatick,Zone soudano-sahélienne,148.59875,0,plus_intense,Phase_2_pleine
2009-08-28,C0_plus_intense + C7_plus_intense,2009-08-28_006_006,-15.875,13.875,26.913957595825195,9.807727813720703,1.812062382698059,17.106229782104492,False,True,forte,humide,2009,8,28,240,Phase_2_pleine,Pleine saison (Juillet-Aout),Kaolack,Zone soudano-sahélienne,175.6167,0,plus_intense,Phase_2_pleine
2009-08-28,C0_plus_intense + C7_plus_intense,2009-08-28_006_007,-15.625,13.875,26.197494506835938,10.182552337646484,1.680988073348999,16.014942169189453,False,True,forte,humide,2009,8,28,240,Phase_2_pleine,Pleine saison (Juillet-Aout),Kaolack,Zone soudano-sahélienne,202.63466,0,plus_intense,Phase_2_pleine
2009-08-28,C0_plus_intense + C7_plus_intense,2009-08-28_006_008,-15.375,13.875,23.971471786499023,10.567169189453125,1.4107487201690674,13.404302597045898,False,True,forte,humide,2009,8,28,240,Phase_2_pleine,Pleine saison (Juillet-Aout),Kaffrine,Zone soudano-sahélienne,229.6526,0,plus_intense,Phase_2_pleine
2009-08-28,C0_plus_intense + C7_plus_intense,2009-08-28_006_009,-15.125,13.875,14.159300804138184,9.098276138305664,0.5092915296554565,5.0610246658325195,False,False,moderee,normale,2009,8,28,240,Phase_2_pleine,Pleine saison (Juillet-Aout),Kaffrine,Zone soudano-sahélienne,256.67056,0,plus_intense,Phase_2_pleine
2009-08-28,C0_plus_intense + C7_plus_intense,2009-08-28_006_010,-14.875,13.875,20.246906280517578,8.439021110534668,1.181107521057129,11.80788516998291,False,True,forte,humide,2009,8,28,240,Phase_2_pleine,Pleine saison (Juillet-Aout),Kaffrine,Zone soudano-sahélienne,283.6885,0,plus_intense,Phase_2_pleine
2009-08-28,C0_plus_intense + C7_plus_intense,2009-08-28_006_011,-14.625,13.875,29.22662925720215,7.935150146484375,2.098191022872925,21.291479110717773,True,True,forte,tres humide,2009,8,28,240,Phase_2_pleine,Pleine saison (Juillet-Aout),Kaffrine,Zone soudano-sahélienne,310.70648,0,plus_intense,Phase_2_pleine
2009-08-28,C0_plus_intense + C7_plus_intense,2009-08-28_006_012,-14.375,13.875,28.588743209838867,7.663630485534668,1.984741449356079,20.9251127243042,False,True,forte,humide,2009,8,28,240,Phase_2_pleine,Pleine saison (Juillet-Aout),Tambacounda,Zone soudano-sahélienne,337.72443,0,plus_intense,Phase_2_pleine
2009-08-28,C0_plus_intense + C7_plus_intense,2009-08-28_006_013,-14.125,13.875,19.46866798400879,7.412007808685303,1.0933303833007812,12.056660175323486,False,False,moderee,humide,2009,8,28,240,Phase_2_pleine,Pleine saison (Juillet-Aout),Tambacounda,Zone soudano-sahélienne,364.74237,0,plus_intense,Phase_2_pleine
2009-08-28,C0_plus_intense + C7_plus_intense,2009-08-28_006_014,-13.875,13.875,5.9283552169799805,6.657796382904053,-0.07719597965478897,-0.7294411659240723,False,False,moderee,normale,2009,8,28,240,Phase_2_pleine,Pleine saison (Juillet-Aout),Tambacounda,Zone soudano-sahélienne,391.76035,0,plus_intense,Phase_2_pleine
2009-08-28,C0_plus_intense + C7_plus_intense,2009-08-28_006_015,-13.625,13.875,2.8996779918670654,6.854775905609131,-0.42415377497673035,-3.9550979137420654,False,False,faible,normale,2009,8,28,240,Phase_2_pleine,Pleine saison (Juillet-Aout),Tambacounda,Zone soudano-sahélienne,418.7783,0,plus_intense,Phase_2_pleine
2009-08-28,C0_plus_intense + C7_plus_intense,2009-08-28_006_016,-13.375,13.875,1.7860019207000732,6.761662006378174,-0.5756672620773315,-4.975660085678101,False,False,faible,normale,2009,8,28,240,Phase_2_pleine,Pleine saison (Juillet-Aout),Tambacounda,Zone soudano-sahélienne,445.79623,0,plus_intense,Phase_2_pleine
2009-08-28,C0_plus_intense + C7_plus_intense,2009-08-28_006_017,-13.125,13.875,0.0,8.034435272216797,-0.8531924486160278,-8.034435272216797,False,False,trace,normale,2009,8,28,240,Phase_2_pleine,Pleine saison (Juillet-Aout),Tambacounda,Zone soudano-sahélienne,472.81418,0,plus_intense,Phase_2_pleine
2009-08-28,C0_plus_intense + C7_plus_intense,2009-08-28_006_018,-12.875,13.875,0.5051426887512207,8.687662124633789,-0.816676914691925,-8.182519435882568,False,False,trace,normale,2009,8,28,240,Phase_2_pleine,Pleine saison (Juillet-Aout),Tambacounda,Zone soudano-sahélienne,499.83212,0,plus_intense,Phase_2_pleine
2009-08-28,C0_plus_intense + C7_plus_intense,2009-08-28_006_019,-12.625,13.875,7.005602836608887,8.32517147064209,-0.12362930923700333,-1.3195686340332031,False,False,moderee,normale,2009,8,28,240,Phase_2_pleine,Pleine saison (Juillet-Aout),Tambacounda,Zone soudano-sahélienne,526.8501,0,plus_intense,Phase_2_pleine
2009-08-28,C0_plus_intense + C7_plus_intense,2009-08-28_006_020,-12.375,13.875,6.906336784362793,7.811429977416992,-0.09647229313850403,-0.9050931930541992,False,False,moderee,normale,2009,8,28,240,Phase_2_pleine,Pleine saison (Juillet-Aout),Tambacounda,Zone soudano-sahélienne,553.86804,0,plus_intense,Phase_2_pleine
2009-08-28,C0_plus_intense + C7_plus_intense,2009-08-28_006_021,-12.125,13.875,2.006537437438965,8.547103881835938,-0.7148433327674866,-6.540566444396973,False,False,faible,normale,2009,8,28,240,Phase_2_pleine,Pleine saison (Juillet-Aout),Tambacounda,Zone soudano-sahélienne,580.886,0,plus_intense,Phase_2_pleine
2009-08-28,C0_plus_intense + C7_plus_intense,2009-08-28_007_003,-16.625,14.125,39.40105056762695,11.12508487701416,2.309971570968628,28.275965690612793,True,True,forte,tres humide,2009,8,28,240,Phase_2_pleine,Pleine saison (Juillet-Aout),Fatick,Zone soudano-sahélienne,94.460014,0,plus_intense,Phase_2_pleine
2009-08-28,C0_plus_intense + C7_plus_intense,2009-08-28_007_004,-16.375,14.125,31.829486846923828,9.829972267150879,2.044126510620117,21.99951457977295,True,True,forte,tres humide,2009,8,28,240,Phase_2_pleine,Pleine saison (Juillet-Aout),Fatick,Zone soudano-sahélienne,121.44859,0,plus_intense,Phase_2_pleine
2009-08-28,C0_plus_intense + C7_plus_intense,2009-08-28_007_005,-16.125,14.125,20.62038803100586,9.351265907287598,1.154296636581421,11.269122123718262,False,True,forte,humide,2009,8,28,240,Phase_2_pleine,Pleine saison (Juillet-Aout),Fatick,Zone soudano-sahélienne,148.43718,0,plus_intense,Phase_2_pleine
2009-08-28,C0_plus_intense + C7_plus_intense,2009-08-28_007_006,-15.875,14.125,16.829618453979492,8.83853530883789,0.8573956489562988,7.991083145141602,False,False,moderee,normale,2009,8,28,240,Phase_2_pleine,Pleine saison (Juillet-Aout),Kaolack,Zone soudano-sahélienne,175.42575,0,plus_intense,Phase_2_pleine
2009-08-28,C0_plus_intense + C7_plus_intense,2009-08-28_007_007,-15.625,14.125,17.050048828125,8.777173042297363,0.8825647234916687,8.272875785827637,False,False,moderee,normale,2009,8,28,240,Phase_2_pleine,Pleine saison (Juillet-Aout),Kaolack,Zone soudano-sahélienne,202.41434,0,plus_intense,Phase_2_pleine
2009-08-28,C0_plus_intense + C7_plus_intense,2009-08-28_007_008,-15.375,14.125,21.028770446777344,8.241061210632324,1.2461663484573364,12.78770923614502,False,True,forte,humide,2009,8,28,240,Phase_2_pleine,Pleine saison (Juillet-Aout),Kaffrine,Zone soudano-sahélienne,229.4029,0,plus_intense,Phase_2_pleine
2009-08-28,C0_plus_intense + C7_plus_intense,2009-08-28_007_009,-15.125,14.125,18.469013214111328,7.624882698059082,1.1192861795425415,10.844130516052246,False,False,moderee,humide,2009,8,28,240,Phase_2_pleine,Pleine saison (Juillet-Aout),Kaffrine,Zone soudano-sahélienne,256.39148,0,plus_intense,Phase_2_pleine
2009-08-28,C0_plus_intense + C7_plus_intense,2009-08-28_007_010,-14.875,14.125,21.637056350708008,6.914239883422852,1.6047759056091309,14.722816467285156,False,True,forte,humide,2009,8,28,240,Phase_2_pleine,Pleine saison (Juillet-Aout),Kaffrine,Zone soudano-sahélienne,283.38007,0,plus_intense,Phase_2_pleine
2009-08-28,C0_plus_intense + C7_plus_intense,2009-08-28_007_011,-14.625,14.125,28.5054874420166,6.944418907165527,2.337268829345703,21.561068534851074,True,True,forte,tres humide,2009,8,28,240,Phase_2_pleine,Pleine saison (Juillet-Aout),Kaffrine,Zone soudano-sahélienne,310.36865,0,plus_intense,Phase_2_pleine
2009-08-28,C0_plus_intense + C7_plus_intense,2009-08-28_007_012,-14.375,14.125,28.260953903198242,6.86372709274292,2.187236785888672,21.397226810455322,True,True,forte,tres humide,2009,8,28,240,Phase_2_pleine,Pleine saison (Juillet-Aout),Tambacounda,Zone soudano-sahélienne,337.3572,0,plus_intense,Phase_2_pleine
2009-08-28,C0_plus_intense + C7_plus_intense,2009-08-28_007_013,-14.125,14.125,17.321823120117188,6.371027946472168,1.1078143119812012,10.95079517364502,False,False,moderee,humide,2009,8,28,240,Phase_2_pleine,Pleine saison (Juillet-Aout),Tambacounda,Zone soudano-sahélienne,364.34576,0,plus_intense,Phase_2_pleine
2009-08-28,C0_plus_intense + C7_plus_intense,2009-08-28_007_014,-13.875,14.125,6.053381443023682,6.375023365020752,-0.03237487003207207,-0.3216419219970703,False,False,moderee,normale,2009,8,28,240,Phase_2_pleine,Pleine saison (Juillet-Aout),Tambacounda,Zone soudano-sahélienne,391.33438,0,plus_intense,Phase_2_pleine
2009-08-28,C0_plus_intense + C7_plus_intense,2009-08-28_007_015,-13.625,14.125,5.535407543182373,6.781250476837158,-0.11589404195547104,-1.2458429336547852,False,False,moderee,normale,2009,8,28,240,Phase_2_pleine,Pleine saison (Juillet-Aout),Tambacounda,Zone soudano-sahélienne,418.32294,0,plus_intense,Phase_2_pleine
2009-08-28,C0_plus_intense + C7_plus_intense,2009-08-28_007_016,-13.375,14.125,1.347891092300415,5.876399040222168,-0.5372318029403687,-4.528507947921753,False,False,faible,normale,2009,8,28,240,Phase_2_pleine,Pleine saison (Juillet-Aout),Tambacounda,Zone soudano-sahélienne,445.31152,0,plus_intense,Phase_2_pleine
2009-08-28,C0_plus_intense + C7_plus_intense,2009-08-28_007_017,-13.125,14.125,0.0,6.465600490570068,-0.747841477394104,-6.465600490570068,False,False,trace,normale,2009,8,28,240,Phase_2_pleine,Pleine saison (Juillet-Aout),Tambacounda,Zone soudano-sahélienne,472.30008,0,plus_intense,Phase_2_pleine
2009-08-28,C0_plus_intense + C7_plus_intense,2009-08-28_007_018,-12.875,14.125,0.1962699443101883,7.406918048858643,-0.7213276624679565,-7.210648104548454,False,False,trace,normale,2009,8,28,240,Phase_2_pleine,Pleine saison (Juillet-Aout),Tambacounda,Zone soudano-sahélienne,499.28867,0,plus_intense,Phase_2_pleine
2009-08-28,C0_plus_intense + C7_plus_intense,2009-08-28_007_019,-12.625,14.125,1.5481171607971191,7.4742112159729,-0.5936964750289917,-5.926094055175781,False,False,faible,normale,2009,8,28,240,Phase_2_pleine,Pleine saison (Juillet-Aout),Tambacounda,Zone soudano-sahélienne,526.2772,0,plus_intense,Phase_2_pleine
2009-08-28,C0_plus_intense + C7_plus_intense,2009-08-28_007_020,-12.375,14.125,1.5017294883728027,7.205307960510254,-0.620930552482605,-5.703578472137451,False,False,faible,normale,2009,8,28,240,Phase_2_pleine,Pleine saison (Juillet-Aout),Tambacounda,Zone soudano-sahélienne,553.2658,0,plus_intense,Phase_2_pleine
2009-08-28,C0_plus_intense + C7_plus_intense,2009-08-28_007_021,-12.125,14.125,2.2774906158447266,6.993496894836426,-0.515263020992279,-4.716006278991699,False,False,faible,normale,2009,8,28,240,Phase_2_pleine,Pleine saison (Juillet-Aout),Tambacounda,Zone soudano-sahélienne,580.2544,0,plus_intense,Phase_2_pleine
2009-08-28,C0_plus_intense + C7_plus_intense,2009-08-28_008_002,-16.875,14.375,31.294170379638672,9.285273551940918,1.9296085834503174,22.008896827697754,False,True,forte,humide,2009,8,28,240,Phase_2_pleine,Pleine saison (Juillet-Aout),Thiès,Zone soudano-sahélienne,67.39671,0,plus_intense,Phase_2_pleine
2009-08-28,C0_plus_intense + C7_plus_intense,2009-08-28_008_003,-16.625,14.375,27.9941349029541,9.374945640563965,1.7766302824020386,18.619189262390137,False,True,forte,humide,2009,8,28,240,Phase_2_pleine,Pleine saison (Juillet-Aout),Fatick,Zone soudano-sahélienne,94.3554,0,plus_intense,Phase_2_pleine
2009-08-28,C0_plus_intense + C7_plus_intense,2009-08-28_008_004,-16.375,14.375,25.597829818725586,9.176502227783203,1.5470280647277832,16.421327590942383,False,True,forte,humide,2009,8,28,240,Phase_2_pleine,Pleine saison (Juillet-Aout),Diourbel,Zone soudano-sahélienne,121.314095,0,plus_intense,Phase_2_pleine
2009-08-28,C0_plus_intense + C7_plus_intense,2009-08-28_008_005,-16.125,14.375,22.312274932861328,7.787285327911377,1.608948826789856,14.524989604949951,False,True,forte,humide,2009,8,28,240,Phase_2_pleine,Pleine saison (Juillet-Aout),Diourbel,Zone soudano-sahélienne,148.27278,0,plus_intense,Phase_2_pleine
2009-08-28,C0_plus_intense + C7_plus_intense,2009-08-28_008_006,-15.875,14.375,17.602067947387695,8.012818336486816,1.1135499477386475,9.589249610900879,False,False,moderee,humide,2009,8,28,240,Phase_2_pleine,Pleine saison (Juillet-Aout),Diourbel,Zone soudano-sahélienne,175.23148,0,plus_intense,Phase_2_pleine
2009-08-28,C0_plus_intense + C7_plus_intense,2009-08-28_008_007,-15.625,14.375,23.688711166381836,7.747873783111572,1.6524314880371094,15.940837383270264,False,True,forte,humide,2009,8,28,240,Phase_2_pleine,Pleine saison (Juillet-Aout),Kaolack,Zone soudano-sahélienne,202.19016,0,plus_intense,Phase_2_pleine
2009-08-28,C0_plus_intense + C7_plus_intense,2009-08-28_008_008,-15.375,14.375,28.860183715820312,7.584665775299072,2.0618999004364014,21.27551794052124,True,True,forte,tres humide,2009,8,28,240,Phase_2_pleine,Pleine saison (Juillet-Aout),Kaffrine,Zone soudano-sahélienne,229.14883,0,plus_intense,Phase_2_pleine
2009-08-28,C0_plus_intense + C7_plus_intense,2009-08-28_008_009,-15.125,14.375,26.172117233276367,6.7337541580200195,2.032017230987549,19.438363075256348,True,True,forte,tres humide,2009,8,28,240,Phase_2_pleine,Pleine saison (Juillet-Aout),Kaffrine,Zone soudano-sahélienne,256.10754,0,plus_intense,Phase_2_pleine
2009-08-28,C0_plus_intense + C7_plus_intense,2009-08-28_008_010,-14.875,14.375,17.636104583740234,5.730253219604492,1.349002718925476,11.905851364135742,False,False,moderee,humide,2009,8,28,240,Phase_2_pleine,Pleine saison (Juillet-Aout),Kaffrine,Zone soudano-sahélienne,283.06622,0,plus_intense,Phase_2_pleine
2009-08-28,C0_plus_intense + C7_plus_intense,2009-08-28_008_011,-14.625,14.375,12.075222969055176,5.65045166015625,0.7937004566192627,6.424771308898926,False,False,moderee,normale,2009,8,28,240,Phase_2_pleine,Pleine saison (Juillet-Aout),Kaffrine,Zone soudano-sahélienne,310.0249,0,plus_intense,Phase_2_pleine
2009-08-28,C0_plus_intense + C7_plus_intense,2009-08-28_008_012,-14.375,14.375,16.159549713134766,5.041573524475098,1.4183095693588257,11.117976188659668,False,False,moderee,humide,2009,8,28,240,Phase_2_pleine,Pleine saison (Juillet-Aout),Tambacounda,Zone soudano-sahélienne,336.98358,0,plus_intense,Phase_2_pleine
2009-08-28,C0_plus_intense + C7_plus_intense,2009-08-28_008_013,-14.125,14.375,9.515982627868652,4.843520164489746,0.473662793636322,4.672462463378906,False,False,moderee,normale,2009,8,28,240,Phase_2_pleine,Pleine saison (Juillet-Aout),Tambacounda,Zone soudano-sahélienne,363.94226,0,plus_intense,Phase_2_pleine
2009-08-28,C0_plus_intense + C7_plus_intense,2009-08-28_008_014,-13.875,14.375,5.495699882507324,5.5573811531066895,-0.005953303538262844,-0.061681270599365234,False,False,moderee,normale,2009,8,28,240,Phase_2_pleine,Pleine saison (Juillet-Aout),Tambacounda,Zone soudano-sahélienne,390.90097,0,plus_intense,Phase_2_pleine
2009-08-28,C0_plus_intense + C7_plus_intense,2009-08-28_008_015,-13.625,14.375,5.078820705413818,5.471408367156982,-0.03981148824095726,-0.39258766174316406,False,False,moderee,normale,2009,8,28,240,Phase_2_pleine,Pleine saison (Juillet-Aout),Tambacounda,Zone soudano-sahélienne,417.85965,0,plus_intense,Phase_2_pleine
2009-08-28,C0_plus_intense + C7_plus_intense,2009-08-28_008_016,-13.375,14.375,0.7076296806335449,5.377326965332031,-0.47649696469306946,-4.669697284698486,False,False,trace,normale,2009,8,28,240,Phase_2_pleine,Pleine saison (Juillet-Aout),Tambacounda,Zone soudano-sahélienne,444.81833,0,plus_intense,Phase_2_pleine
2009-08-28,C0_plus_intense + C7_plus_intense,2009-08-28_008_017,-13.125,14.375,0.0,5.895931243896484,-0.5680646896362305,-5.895931243896484,False,False,trace,normale,2009,8,28,240,Phase_2_pleine,Pleine saison (Juillet-Aout),Tambacounda,Zone soudano-sahélienne,471.777,0,plus_intense,Phase_2_pleine
2009-08-28,C0_plus_intense + C7_plus_intense,2009-08-28_008_018,-12.875,14.375,0.39438396692276,6.431921482086182,-0.5578302145004272,-6.037537515163422,False,False,trace,normale,2009,8,28,240,Phase_2_pleine,Pleine saison (Juillet-Aout),Tambacounda,Zone soudano-sahélienne,498.7357,0,plus_intense,Phase_2_pleine
2009-08-28,C0_plus_intense + C7_plus_intense,2009-08-28_008_019,-12.625,14.375,0.0,7.0044989585876465,-0.609778881072998,-7.0044989585876465,False,False,trace,normale,2009,8,28,240,Phase_2_pleine,Pleine saison (Juillet-Aout),Tambacounda,Zone soudano-sahélienne,525.6944,0,plus_intense,Phase_2_pleine
2009-08-28,C0_plus_intense + C7_plus_intense,2009-08-28_008_020,-12.375,14.375,0.0,7.283919811248779,-0.6724537014961243,-7.283919811248779,False,False,trace,normale,2009,8,28,240,Phase_2_pleine,Pleine saison (Juillet-Aout),Tambacounda,Zone soudano-sahélienne,552.6531,0,plus_intense,Phase_2_pleine
2009-08-28,C0_plus_intense + C7_plus_intense,2009-08-28_009_001,-17.125,14.625,25.289451599121094,7.637801647186279,2.1369740962982178,17.651649951934814,True,True,forte,tres humide,2009,8,28,240,Phase_2_pleine,Pleine saison (Juillet-Aout),Dakar,Zone soudano-sahélienne,40.39242,0,plus_intense,Phase_2_pleine
2009-08-28,C0_plus_intense + C7_plus_intense,2009-08-28_009_002,-16.875,14.625,30.640413284301758,8.558531761169434,2.230565309524536,22.081881523132324,True,True,forte,tres humide,2009,8,28,240,Phase_2_pleine,Pleine saison (Juillet-Aout),Thiès,Zone soudano-sahélienne,67.3207,0,plus_intense,Phase_2_pleine
2009-08-28,C0_plus_intense + C7_plus_intense,2009-08-28_009_003,-16.625,14.625,32.14140701293945,9.061036109924316,2.1502275466918945,23.080370903015137,True,True,forte,tres humide,2009,8,28,240,Phase_2_pleine,Pleine saison (Juillet-Aout),Thiès,Zone soudano-sahélienne,94.248985,0,plus_intense,Phase_2_pleine
2009-08-28,C0_plus_intense + C7_plus_intense,2009-08-28_009_004,-16.375,14.625,27.664016723632812,8.774897575378418,1.746155023574829,18.889119148254395,False,True,forte,humide,2009,8,28,240,Phase_2_pleine,Pleine saison (Juillet-Aout),Diourbel,Zone soudano-sahélienne,121.17728,0,plus_intense,Phase_2_pleine
2009-08-28,C0_plus_intense + C7_plus_intense,2009-08-28_009_005,-16.125,14.625,24.9222412109375,8.156368255615234,1.669980764389038,16.765872955322266,False,True,forte,humide,2009,8,28,240,Phase_2_pleine,Pleine saison (Juillet-Aout),Diourbel,Zone soudano-sahélienne,148.10556,0,plus_intense,Phase_2_pleine
2009-08-28,C0_plus_intense + C7_plus_intense,2009-08-28_009_006,-15.875,14.625,23.128093719482422,8.097648620605469,1.3931022882461548,15.030445098876953,False,True,forte,humide,2009,8,28,240,Phase_2_pleine,Pleine saison (Juillet-Aout),Diourbel,Zone soudano-sahélienne,175.03384,0,plus_intense,Phase_2_pleine
2009-08-28,C0_plus_intense + C7_plus_intense,2009-08-28_009_007,-15.625,14.625,31.29045867919922,8.391519546508789,2.0070154666900635,22.89893913269043,True,True,forte,tres humide,2009,8,28,240,Phase_2_pleine,Pleine saison (Juillet-Aout),Kaffrine,Zone soudano-sahélienne,201.96213,0,plus_intense,Phase_2_pleine
2009-08-28,C0_plus_intense + C7_plus_intense,2009-08-28_009_008,-15.375,14.625,33.381622314453125,7.605743885040283,2.3128247261047363,25.775878429412842,True,True,forte,tres humide,2009,8,28,240,Phase_2_pleine,Pleine saison (Juillet-Aout),Kaffrine,Zone soudano-sahélienne,228.8904,0,plus_intense,Phase_2_pleine
2009-08-28,C0_plus_intense + C7_plus_intense,2009-08-28_009_009,-15.125,14.625,28.25253677368164,7.228054523468018,1.9656018018722534,21.024482250213623,False,True,forte,humide,2009,8,28,240,Phase_2_pleine,Pleine saison (Juillet-Aout),Kaffrine,Zone soudano-sahélienne,255.8187,0,plus_intense,Phase_2_pleine
2009-08-28,C0_plus_intense + C7_plus_intense,2009-08-28_009_010,-14.875,14.625,20.893625259399414,5.986316680908203,1.6595587730407715,14.907308578491211,False,True,forte,humide,2009,8,28,240,Phase_2_pleine,Pleine saison (Juillet-Aout),Kaffrine,Zone soudano-sahélienne,282.74698,0,plus_intense,Phase_2_pleine
2009-08-28,C0_plus_intense + C7_plus_intense,2009-08-28_009_011,-14.625,14.625,16.741119384765625,5.729551792144775,1.1940524578094482,11.01156759262085,False,False,moderee,humide,2009,8,28,240,Phase_2_pleine,Pleine saison (Juillet-Aout),Kaffrine,Zone soudano-sahélienne,309.67526,0,plus_intense,Phase_2_pleine
2009-08-28,C0_plus_intense + C7_plus_intense,2009-08-28_009_012,-14.375,14.625,9.594781875610352,4.692363262176514,0.5849400758743286,4.902418613433838,False,False,moderee,normale,2009,8,28,240,Phase_2_pleine,Pleine saison (Juillet-Aout),Tambacounda,Zone soudano-sahélienne,336.60355,0,plus_intense,Phase_2_pleine
2009-08-28,C0_plus_intense + C7_plus_intense,2009-08-28_009_013,-14.125,14.625,7.257359504699707,4.995941162109375,0.24287591874599457,2.261418342590332,False,False,moderee,normale,2009,8,28,240,Phase_2_pleine,Pleine saison (Juillet-Aout),Tambacounda,Zone soudano-sahélienne,363.5318,0,plus_intense,Phase_2_pleine
2009-08-28,C0_plus_intense + C7_plus_intense,2009-08-28_009_014,-13.875,14.625,6.230264186859131,5.443197727203369,0.07815015316009521,0.7870664596557617,False,False,moderee,normale,2009,8,28,240,Phase_2_pleine,Pleine saison (Juillet-Aout),Tambacounda,Zone soudano-sahélienne,390.4601,0,plus_intense,Phase_2_pleine
2009-08-28,C0_plus_intense + C7_plus_intense,2009-08-28_009_015,-13.625,14.625,3.0819709300994873,5.645670413970947,-0.22688712179660797,-2.56369948387146,False,False,faible,normale,2009,8,28,240,Phase_2_pleine,Pleine saison (Juillet-Aout),Tambacounda,Zone soudano-sahélienne,417.38837,0,plus_intense,Phase_2_pleine
2009-08-28,C0_plus_intense + C7_plus_intense,2009-08-28_009_016,-13.375,14.625,0.0,5.96730375289917,-0.5953343510627747,-5.96730375289917,False,False,trace,normale,2009,8,28,240,Phase_2_pleine,Pleine saison (Juillet-Aout),Tambacounda,Zone soudano-sahélienne,444.31668,0,plus_intense,Phase_2_pleine
2009-08-28,C0_plus_intense + C7_plus_intense,2009-08-28_009_017,-13.125,14.625,0.0,6.128434181213379,-0.5962331891059875,-6.128434181213379,False,False,trace,normale,2009,8,28,240,Phase_2_pleine,Pleine saison (Juillet-Aout),Tambacounda,Zone soudano-sahélienne,471.24493,0,plus_intense,Phase_2_pleine
2009-08-28,C0_plus_intense + C7_plus_intense,2009-08-28_009_018,-12.875,14.625,0.0,6.276613235473633,-0.5787726044654846,-6.276613235473633,False,False,trace,normale,2009,8,28,240,Phase_2_pleine,Pleine saison (Juillet-Aout),Tambacounda,Zone soudano-sahélienne,498.17322,0,plus_intense,Phase_2_pleine
2009-08-28,C0_plus_intense + C7_plus_intense,2009-08-28_009_019,-12.625,14.625,3.3011443614959717,7.227200508117676,-0.3654934763908386,-3.926056146621704,False,False,faible,normale,2009,8,28,240,Phase_2_pleine,Pleine saison (Juillet-Aout),Tambacounda,Zone soudano-sahélienne,525.1015,0,plus_intense,Phase_2_pleine
2009-08-28,C0_plus_intense + C7_plus_intense,2009-08-28_009_020,-12.375,14.625,1.3764762878417969,7.473557472229004,-0.5941674709320068,-6.097081184387207,False,False,faible,normale,2009,8,28,240,Phase_2_pleine,Pleine saison (Juillet-Aout),Tambacounda,Zone soudano-sahélienne,552.0298,0,plus_intense,Phase_2_pleine
2009-08-28,C0_plus_intense + C7_plus_intense,2009-08-28_010_001,-17.125,14.875,30.616605758666992,7.941830635070801,2.420581340789795,22.67477512359619,True,True,forte,tres humide,2009,8,28,240,Phase_2_pleine,Pleine saison (Juillet-Aout),Thiès,Zone soudano-sahélienne,40.346046,0,plus_intense,Phase_2_pleine
2009-08-28,C0_plus_intense + C7_plus_intense,2009-08-28_010_002,-16.875,14.875,30.919031143188477,7.163914203643799,2.6055028438568115,23.755116939544678,True,True,forte,tres humide,2009,8,28,240,Phase_2_pleine,Pleine saison (Juillet-Aout),Thiès,Zone soudano-sahélienne,67.243416,0,plus_intense,Phase_2_pleine
2009-08-28,C0_plus_intense + C7_plus_intense,2009-08-28_010_003,-16.625,14.875,29.965246200561523,6.962886333465576,2.513801336288452,23.002359867095947,True,True,forte,tres humide,2009,8,28,240,Phase_2_pleine,Pleine saison (Juillet-Aout),Thiès,Zone soudano-sahélienne,94.14078,0,plus_intense,Phase_2_pleine
2009-08-28,C0_plus_intense + C7_plus_intense,2009-08-28_010_004,-16.375,14.875,27.6801815032959,6.977600574493408,2.1717042922973633,20.70258092880249,True,True,forte,tres humide,2009,8,28,240,Phase_2_pleine,Pleine saison (Juillet-Aout),Diourbel,Zone soudano-sahélienne,121.03815,0,plus_intense,Phase_2_pleine
2009-08-28,C0_plus_intense + C7_plus_intense,2009-08-28_010_005,-16.125,14.875,27.623472213745117,7.125730514526367,1.971064567565918,20.49774169921875,False,True,forte,humide,2009,8,28,240,Phase_2_pleine,Pleine saison (Juillet-Aout),Diourbel,Zone soudano-sahélienne,147.93552,0,plus_intense,Phase_2_pleine
2009-08-28,C0_plus_intense + C7_plus_intense,2009-08-28_010_006,-15.875,14.875,24.334373474121094,7.4645562171936035,1.589722752571106,16.86981725692749,False,True,forte,humide,2009,8,28,240,Phase_2_pleine,Pleine saison (Juillet-Aout),Diourbel,Zone soudano-sahélienne,174.83289,0,plus_intense,Phase_2_pleine
2009-08-28,C0_plus_intense + C7_plus_intense,2009-08-28_010_007,-15.625,14.875,36.74485778808594,7.238175392150879,2.79223895072937,29.50668239593506,True,True,forte,tres humide,2009,8,28,240,Phase_2_pleine,Pleine saison (Juillet-Aout),Diourbel,Zone soudano-sahélienne,201.73026,0,plus_intense,Phase_2_pleine
2009-08-28,C0_plus_intense + C7_plus_intense,2009-08-28_010_008,-15.375,14.875,30.967344284057617,6.738291263580322,2.5345020294189453,24.229053020477295,True,True,forte,tres humide,2009,8,28,240,Phase_2_pleine,Pleine saison (Juillet-Aout),Kaffrine,Zone soudano-sahélienne,228.62761,0,plus_intense,Phase_2_pleine
2009-08-28,C0_plus_intense + C7_plus_intense,2009-08-28_010_009,-15.125,14.875,28.32038116455078,6.976069450378418,1.8518645763397217,21.344311714172363,False,True,forte,humide,2009,8,28,240,Phase_2_pleine,Pleine saison (Juillet-Aout),Kaffrine,Zone soudano-sahélienne,255.525,0,plus_intense,Phase_2_pleine
2009-08-28,C0_plus_intense + C7_plus_intense,2009-08-28_010_010,-14.875,14.875,25.4359073638916,6.498706340789795,1.6731233596801758,18.937201023101807,False,True,forte,humide,2009,8,28,240,Phase_2_pleine,Pleine saison (Juillet-Aout),Kaffrine,Zone soudano-sahélienne,282.42233,0,plus_intense,Phase_2_pleine
2009-08-28,C0_plus_intense + C7_plus_intense,2009-08-28_010_011,-14.625,14.875,25.164661407470703,6.356283664703369,1.515993356704712,18.808377742767334,False,True,forte,humide,2009,8,28,240,Phase_2_pleine,Pleine saison (Juillet-Aout),Kaffrine,Zone soudano-sahélienne,309.31973,0,plus_intense,Phase_2_pleine
2009-08-28,C0_plus_intense + C7_plus_intense,2009-08-28_010_012,-14.375,14.875,15.879408836364746,5.276135444641113,1.0163277387619019,10.603273391723633,False,False,moderee,humide,2009,8,28,240,Phase_2_pleine,Pleine saison (Juillet-Aout),Tambacounda,Zone soudano-sahélienne,336.21707,0,plus_intense,Phase_2_pleine
2009-08-28,C0_plus_intense + C7_plus_intense,2009-08-28_010_013,-14.125,14.875,10.967926979064941,4.908178329467773,0.704233705997467,6.059748649597168,False,False,moderee,normale,2009,8,28,240,Phase_2_pleine,Pleine saison (Juillet-Aout),Matam,Zone soudano-sahélienne,363.11444,0,plus_intense,Phase_2_pleine
2009-08-28,C0_plus_intense + C7_plus_intense,2009-08-28_010_014,-13.875,14.875,7.903631687164307,5.579840183258057,0.24446754157543182,2.32379150390625,False,False,moderee,normale,2009,8,28,240,Phase_2_pleine,Pleine saison (Juillet-Aout),Matam,Zone soudano-sahélienne,390.0118,0,plus_intense,Phase_2_pleine
2009-08-28,C0_plus_intense + C7_plus_intense,2009-08-28_010_015,-13.625,14.875,4.579796314239502,7.220189094543457,-0.20517075061798096,-2.640392780303955,False,False,faible,normale,2009,8,28,240,Phase_2_pleine,Pleine saison (Juillet-Aout),Matam,Zone soudano-sahélienne,416.90918,0,plus_intense,Phase_2_pleine
2009-08-28,C0_plus_intense + C7_plus_intense,2009-08-28_010_016,-13.375,14.875,0.8840135931968689,6.791252613067627,-0.49046972393989563,-5.907239019870758,False,False,trace,normale,2009,8,28,240,Phase_2_pleine,Pleine saison (Juillet-Aout),Matam,Zone soudano-sahélienne,443.80655,0,plus_intense,Phase_2_pleine
2009-08-28,C0_plus_intense + C7_plus_intense,2009-08-28_010_017,-13.125,14.875,0.0,5.501490592956543,-0.674930214881897,-5.501490592956543,False,False,trace,normale,2009,8,28,240,Phase_2_pleine,Pleine saison (Juillet-Aout),Matam,Zone soudano-sahélienne,470.7039,0,plus_intense,Phase_2_pleine
2009-08-28,C0_plus_intense + C7_plus_intense,2009-08-28_010_018,-12.875,14.875,0.0,5.594569206237793,-0.6128702759742737,-5.594569206237793,False,False,trace,normale,2009,8,28,240,Phase_2_pleine,Pleine saison (Juillet-Aout),Matam,Zone soudano-sahélienne,497.60126,0,plus_intense,Phase_2_pleine
2009-08-28,C0_plus_intense + C7_plus_intense,2009-08-28_010_019,-12.625,14.875,1.2607121467590332,6.322660446166992,-0.5075856447219849,-5.061948299407959,False,False,faible,normale,2009,8,28,240,Phase_2_pleine,Pleine saison (Juillet-Aout),Matam,Zone soudano-sahélienne,524.49866,0,plus_intense,Phase_2_pleine
2009-08-28,C0_plus_intense + C7_plus_intense,2009-08-28_011_002,-16.875,15.125,28.688472747802734,6.8418145179748535,2.5210580825805664,21.84665822982788,True,True,forte,tres humide,2009,8,28,240,Phase_2_pleine,Pleine saison (Juillet-Aout),Thiès,Zone soudano-sahélienne,67.16484,0,plus_intense,Phase_2_pleine
2009-08-28,C0_plus_intense + C7_plus_intense,2009-08-28_011_003,-16.625,15.125,32.032833099365234,6.234793186187744,2.989267349243164,25.79803991317749,True,True,forte,tres humide,2009,8,28,240,Phase_2_pleine,Pleine saison (Juillet-Aout),Thiès,Zone soudano-sahélienne,94.03078,0,plus_intense,Phase_2_pleine
2009-08-28,C0_plus_intense + C7_plus_intense,2009-08-28_011_004,-16.375,15.125,31.01239585876465,6.244684219360352,2.7845685482025146,24.767711639404297,True,True,forte,tres humide,2009,8,28,240,Phase_2_pleine,Pleine saison (Juillet-Aout),Louga,Zone soudano-sahélienne,120.89671,0,plus_intense,Phase_2_pleine
2009-08-28,C0_plus_intense + C7_plus_intense,2009-08-28_011_005,-16.125,15.125,31.674781799316406,7.013361930847168,2.3073368072509766,24.66141986846924,True,True,forte,tres humide,2009,8,28,240,Phase_2_pleine,Pleine saison (Juillet-Aout),Louga,Zone soudano-sahélienne,147.76265,0,plus_intense,Phase_2_pleine
2009-08-28,C0_plus_intense + C7_plus_intense,2009-08-28_011_006,-15.875,15.125,40.74811553955078,7.526118278503418,2.608126640319824,33.22199726104736,True,True,forte,tres humide,2009,8,28,240,Phase_2_pleine,Pleine saison (Juillet-Aout),Louga,Zone soudano-sahélienne,174.6286,0,plus_intense,Phase_2_pleine
2009-08-28,C0_plus_intense + C7_plus_intense,2009-08-28_011_007,-15.625,15.125,44.93733215332031,8.188199996948242,2.731680393218994,36.74913215637207,True,True,forte,tres humide,2009,8,28,240,Phase_2_pleine,Pleine saison (Juillet-Aout),Louga,Zone soudano-sahélienne,201.49454,0,plus_intense,Phase_2_pleine
2009-08-28,C0_plus_intense + C7_plus_intense,2009-08-28_011_008,-15.375,15.125,43.13396453857422,7.682814598083496,2.8418140411376953,35.45114994049072,True,True,forte,tres humide,2009,8,28,240,Phase_2_pleine,Pleine saison (Juillet-Aout),Louga,Zone soudano-sahélienne,228.36046,0,plus_intense,Phase_2_pleine
2009-08-28,C0_plus_intense + C7_plus_intense,2009-08-28_011_009,-15.125,15.125,36.31354522705078,7.214872360229492,2.5457913875579834,29.09867286682129,True,True,forte,tres humide,2009,8,28,240,Phase_2_pleine,Pleine saison (Juillet-Aout),Kaffrine,Zone soudano-sahélienne,255.22641,0,plus_intense,Phase_2_pleine
2009-08-28,C0_plus_intense + C7_plus_intense,2009-08-28_011_010,-14.875,15.125,30.839921951293945,5.905969619750977,2.5502941608428955,24.93395233154297,True,True,forte,tres humide,2009,8,28,240,Phase_2_pleine,Pleine saison (Juillet-Aout),Kaffrine,Zone soudano-sahélienne,282.09235,0,plus_intense,Phase_2_pleine
2009-08-28,C0_plus_intense + C7_plus_intense,2009-08-28_011_011,-14.625,15.125,32.498802185058594,6.473060607910156,2.42067289352417,26.025741577148438,True,True,forte,tres humide,2009,8,28,240,Phase_2_pleine,Pleine saison (Juillet-Aout),Kaffrine,Zone soudano-sahélienne,308.95828,0,plus_intense,Phase_2_pleine
2009-08-28,C0_plus_intense + C7_plus_intense,2009-08-28_011_012,-14.375,15.125,23.595417022705078,5.689346790313721,1.911437749862671,17.906070232391357,False,True,forte,humide,2009,8,28,240,Phase_2_pleine,Pleine saison (Juillet-Aout),Matam,Zone soudano-sahélienne,335.82422,0,plus_intense,Phase_2_pleine
2009-08-28,C0_plus_intense + C7_plus_intense,2009-08-28_011_013,-14.125,15.125,17.58477210998535,5.421673774719238,1.3293845653533936,12.163098335266113,False,False,moderee,humide,2009,8,28,240,Phase_2_pleine,Pleine saison (Juillet-Aout),Matam,Zone soudano-sahélienne,362.69012,0,plus_intense,Phase_2_pleine
2009-08-28,C0_plus_intense + C7_plus_intense,2009-08-28_011_014,-13.875,15.125,8.930702209472656,5.383242607116699,0.39274364709854126,3.547459602355957,False,False,moderee,normale,2009,8,28,240,Phase_2_pleine,Pleine saison (Juillet-Aout),Matam,Zone soudano-sahélienne,389.5561,0,plus_intense,Phase_2_pleine
2009-08-28,C0_plus_intense + C7_plus_intense,2009-08-28_011_015,-13.625,15.125,4.138216018676758,6.670585632324219,-0.23810359835624695,-2.532369613647461,False,False,faible,normale,2009,8,28,240,Phase_2_pleine,Pleine saison (Juillet-Aout),Matam,Zone soudano-sahélienne,416.42203,0,plus_intense,Phase_2_pleine
2009-08-28,C0_plus_intense + C7_plus_intense,2009-08-28_011_016,-13.375,15.125,0.3292815685272217,6.199930667877197,-0.6065593361854553,-5.870649099349976,False,False,trace,normale,2009,8,28,240,Phase_2_pleine,Pleine saison (Juillet-Aout),Matam,Zone soudano-sahélienne,443.28796,0,plus_intense,Phase_2_pleine
2009-08-28,C0_plus_intense + C7_plus_intense,2009-08-28_011_017,-13.125,15.125,1.312107801437378,5.50177001953125,-0.5193885564804077,-4.189662218093872,False,False,faible,normale,2009,8,28,240,Phase_2_pleine,Pleine saison (Juillet-Aout),Matam,Zone soudano-sahélienne,470.1539,0,plus_intense,Phase_2_pleine
2009-08-28,C0_plus_intense + C7_plus_intense,2009-08-28_011_018,-12.875,15.125,1.267444133758545,4.825662136077881,-0.48631685972213745,-3.558218002319336,False,False,faible,normale,2009,8,28,240,Phase_2_pleine,Pleine saison (Juillet-Aout),Matam,Zone soudano-sahélienne,497.0198,0,plus_intense,Phase_2_pleine
2009-08-28,C0_plus_intense + C7_plus_intense,2009-08-28_012_003,-16.625,15.375,27.445131301879883,5.60062313079834,2.8687994480133057,21.844508171081543,True,True,forte,tres humide,2009,8,28,240,Phase_2_pleine,Pleine saison (Juillet-Aout),Louga,Zone soudano-sahélienne,93.91899,0,plus_intense,Phase_2_pleine
2009-08-28,C0_plus_intense + C7_plus_intense,2009-08-28_012_004,-16.375,15.375,32.88587188720703,5.711492538452148,3.0645992755889893,27.174379348754883,True,True,forte,exceptionnelle,2009,8,28,240,Phase_2_pleine,Pleine saison (Juillet-Aout),Louga,Zone soudano-sahélienne,120.75298,0,plus_intense,Phase_2_pleine
2009-08-28,C0_plus_intense + C7_plus_intense,2009-08-28_012_005,-16.125,15.375,36.91850662231445,6.788039207458496,2.8487801551818848,30.130467414855957,True,True,forte,tres humide,2009,8,28,240,Phase_2_pleine,Pleine saison (Juillet-Aout),Louga,Zone soudano-sahélienne,147.58699,0,plus_intense,Phase_2_pleine
2009-08-28,C0_plus_intense + C7_plus_intense,2009-08-28_012_006,-15.875,15.375,44.109153747558594,7.2513604164123535,3.1373374462127686,36.85779333114624,True,True,forte,exceptionnelle,2009,8,28,240,Phase_2_pleine,Pleine saison (Juillet-Aout),Louga,Zone soudano-sahélienne,174.42099,0,plus_intense,Phase_2_pleine
2009-08-28,C0_plus_intense + C7_plus_intense,2009-08-28_012_007,-15.625,15.375,50.021541595458984,7.627091407775879,3.4018502235412598,42.394450187683105,True,True,tres forte,exceptionnelle,2009,8,28,240,Phase_2_pleine,Pleine saison (Juillet-Aout),Louga,Zone soudano-sahélienne,201.25497,0,plus_intense,Phase_2_pleine
2009-08-28,C0_plus_intense + C7_plus_intense,2009-08-28_012_008,-15.375,15.375,56.50043487548828,8.228669166564941,3.401379346847534,48.27176570892334,True,True,tres forte,exceptionnelle,2009,8,28,240,Phase_2_pleine,Pleine saison (Juillet-Aout),Louga,Zone soudano-sahélienne,228.08896,0,plus_intense,Phase_2_pleine
2009-08-28,C0_plus_intense + C7_plus_intense,2009-08-28_012_009,-15.125,15.375,48.283565521240234,7.66111421585083,3.0065062046051025,40.622451305389404,True,True,forte,exceptionnelle,2009,8,28,240,Phase_2_pleine,Pleine saison (Juillet-Aout),Louga,Zone soudano-sahélienne,254.92297,0,plus_intense,Phase_2_pleine
2009-08-28,C0_plus_intense + C7_plus_intense,2009-08-28_012_010,-14.875,15.375,38.110111236572266,5.7659525871276855,3.4614956378936768,32.34415864944458,True,True,forte,exceptionnelle,2009,8,28,240,Phase_2_pleine,Pleine saison (Juillet-Aout),Louga,Zone soudano-sahélienne,281.75696,0,plus_intense,Phase_2_pleine
2009-08-28,C0_plus_intense + C7_plus_intense,2009-08-28_012_011,-14.625,15.375,27.16179847717285,5.452775478363037,2.667991876602173,21.709022998809814,True,True,forte,tres humide,2009,8,28,240,Phase_2_pleine,Pleine saison (Juillet-Aout),Matam,Zone soudano-sahélienne,308.59097,0,plus_intense,Phase_2_pleine
2009-08-28,C0_plus_intense + C7_plus_intense,2009-08-28_012_012,-14.375,15.375,19.487899780273438,4.955319881439209,1.9558755159378052,14.532579898834229,False,False,moderee,humide,2009,8,28,240,Phase_2_pleine,Pleine saison (Juillet-Aout),Matam,Zone soudano-sahélienne,335.42496,0,plus_intense,Phase_2_pleine
2009-08-28,C0_plus_intense + C7_plus_intense,2009-08-28_012_013,-14.125,15.375,17.49834632873535,4.756560802459717,1.680732250213623,12.741785526275635,False,False,moderee,humide,2009,8,28,240,Phase_2_pleine,Pleine saison (Juillet-Aout),Matam,Zone soudano-sahélienne,362.25894,0,plus_intense,Phase_2_pleine
2009-08-28,C0_plus_intense + C7_plus_intense,2009-08-28_012_014,-13.875,15.375,13.729656219482422,5.079219341278076,1.06779944896698,8.650436878204346,False,False,moderee,humide,2009,8,28,240,Phase_2_pleine,Pleine saison (Juillet-Aout),Matam,Zone soudano-sahélienne,389.09296,0,plus_intense,Phase_2_pleine
2009-08-28,C0_plus_intense + C7_plus_intense,2009-08-28_012_015,-13.625,15.375,10.770424842834473,4.787935256958008,0.7974095344543457,5.982489585876465,False,False,moderee,normale,2009,8,28,240,Phase_2_pleine,Pleine saison (Juillet-Aout),Matam,Zone soudano-sahélienne,415.92694,0,plus_intense,Phase_2_pleine
2009-08-28,C0_plus_intense + C7_plus_intense,2009-08-28_012_016,-13.375,15.375,10.927816390991211,5.401737689971924,0.6743632555007935,5.526078701019287,False,False,moderee,normale,2009,8,28,240,Phase_2_pleine,Pleine saison (Juillet-Aout),Matam,Zone soudano-sahélienne,442.76096,0,plus_intense,Phase_2_pleine
2009-08-28,C0_plus_intense + C7_plus_intense,2009-08-28_012_017,-13.125,15.375,6.245574474334717,4.707430362701416,0.2287028431892395,1.5381441116333008,False,False,moderee,normale,2009,8,28,240,Phase_2_pleine,Pleine saison (Juillet-Aout),Matam,Zone soudano-sahélienne,469.59494,0,plus_intense,Phase_2_pleine
2009-08-28,C0_plus_intense + C7_plus_intense,2009-08-28_013_004,-16.375,15.625,29.574426651000977,6.205732345581055,2.450669765472412,23.368694305419922,True,True,forte,tres humide,2009,8,28,240,Phase_2_pleine,Pleine saison (Juillet-Aout),Saint-Louis,Zone sahélienne,120.60696,0,plus_intense,Phase_2_pleine
2009-08-28,C0_plus_intense + C7_plus_intense,2009-08-28_013_005,-16.125,15.625,30.4697208404541,6.574277877807617,2.3196945190429688,23.895442962646484,True,True,forte,tres humide,2009,8,28,240,Phase_2_pleine,Pleine saison (Juillet-Aout),Saint-Louis,Zone sahélienne,147.40851,0,plus_intense,Phase_2_pleine
2009-08-28,C0_plus_intense + C7_plus_intense,2009-08-28_013_006,-15.875,15.625,29.020971298217773,5.9841508865356445,2.6755783557891846,23.03682041168213,True,True,forte,tres humide,2009,8,28,240,Phase_2_pleine,Pleine saison (Juillet-Aout),Saint-Louis,Zone sahélienne,174.21005,0,plus_intense,Phase_2_pleine
2009-08-28,C0_plus_intense + C7_plus_intense,2009-08-28_013_007,-15.625,15.625,33.302120208740234,6.087696075439453,2.906428575515747,27.21442413330078,True,True,forte,tres humide,2009,8,28,240,Phase_2_pleine,Pleine saison (Juillet-Aout),Saint-Louis,Zone sahélienne,201.0116,0,plus_intense,Phase_2_pleine
2009-08-28,C0_plus_intense + C7_plus_intense,2009-08-28_013_008,-15.375,15.625,39.989967346191406,6.368095874786377,3.0702412128448486,33.62187147140503,True,True,forte,exceptionnelle,2009,8,28,240,Phase_2_pleine,Pleine saison (Juillet-Aout),Louga,Zone sahélienne,227.81313,0,plus_intense,Phase_2_pleine
2009-08-28,C0_plus_intense + C7_plus_intense,2009-08-28_013_009,-15.125,15.625,41.718685150146484,6.333364009857178,3.0572657585144043,35.38532114028931,True,True,forte,exceptionnelle,2009,8,28,240,Phase_2_pleine,Pleine saison (Juillet-Aout),Louga,Zone sahélienne,254.6147,0,plus_intense,Phase_2_pleine
2009-08-28,C0_plus_intense + C7_plus_intense,2009-08-28_013_010,-14.875,15.625,33.445796966552734,5.579146862030029,2.9520263671875,27.866650104522705,True,True,forte,tres humide,2009,8,28,240,Phase_2_pleine,Pleine saison (Juillet-Aout),Louga,Zone sahélienne,281.41623,0,plus_intense,Phase_2_pleine
2009-08-28,C0_plus_intense + C7_plus_intense,2009-08-28_013_011,-14.625,15.625,24.426101684570312,4.459559440612793,3.0744645595550537,19.96654224395752,True,True,forte,exceptionnelle,2009,8,28,240,Phase_2_pleine,Pleine saison (Juillet-Aout),Matam,Zone sahélienne,308.21777,0,plus_intense,Phase_2_pleine
2009-08-28,C0_plus_intense + C7_plus_intense,2009-08-28_013_012,-14.375,15.625,17.458023071289062,4.104018211364746,2.120370388031006,13.354004859924316,True,False,moderee,tres humide,2009,8,28,240,Phase_2_pleine,Pleine saison (Juillet-Aout),Matam,Zone sahélienne,335.01932,0,plus_intense,Phase_2_pleine
2009-08-28,C0_plus_intense + C7_plus_intense,2009-08-28_013_013,-14.125,15.625,12.020796775817871,4.379580974578857,1.0526542663574219,7.641215801239014,False,False,moderee,humide,2009,8,28,240,Phase_2_pleine,Pleine saison (Juillet-Aout),Matam,Zone sahélienne,361.82086,0,plus_intense,Phase_2_pleine
2009-08-28,C0_plus_intense + C7_plus_intense,2009-08-28_013_014,-13.875,15.625,12.480172157287598,4.640374660491943,1.0839778184890747,7.839797496795654,False,False,moderee,humide,2009,8,28,240,Phase_2_pleine,Pleine saison (Juillet-Aout),Matam,Zone sahélienne,388.6224,0,plus_intense,Phase_2_pleine
2009-08-28,C0_plus_intense + C7_plus_intense,2009-08-28_013_015,-13.625,15.625,16.665691375732422,4.425927639007568,1.7819101810455322,12.239763736724854,False,False,moderee,humide,2009,8,28,240,Phase_2_pleine,Pleine saison (Juillet-Aout),Matam,Zone sahélienne,415.42395,0,plus_intense,Phase_2_pleine
2009-08-28,C0_plus_intense + C7_plus_intense,2009-08-28_013_016,-13.375,15.625,13.77296257019043,4.773257255554199,1.2317394018173218,8.99970531463623,False,False,moderee,humide,2009,8,28,240,Phase_2_pleine,Pleine saison (Juillet-Aout),Matam,Zone sahélienne,442.22552,0,plus_intense,Phase_2_pleine
2009-08-28,C0_plus_intense + C7_plus_intense,2009-08-28_014_004,-16.375,15.875,25.046648025512695,5.838632106781006,2.250030040740967,19.20801591873169,True,True,forte,tres humide,2009,8,28,240,Phase_2_pleine,Pleine saison (Juillet-Aout),Saint-Louis,Zone sahélienne,120.45863,0,plus_intense,Phase_2_pleine
2009-08-28,C0_plus_intense + C7_plus_intense,2009-08-28_014_005,-16.125,15.875,26.151477813720703,5.251668930053711,2.51991868019104,20.899808883666992,True,True,forte,tres humide,2009,8,28,240,Phase_2_pleine,Pleine saison (Juillet-Aout),Saint-Louis,Zone sahélienne,147.22722,0,plus_intense,Phase_2_pleine
2009-08-28,C0_plus_intense + C7_plus_intense,2009-08-28_014_006,-15.875,15.875,26.934492111206055,5.314187049865723,2.6515307426452637,21.620305061340332,True,True,forte,tres humide,2009,8,28,240,Phase_2_pleine,Pleine saison (Juillet-Aout),Saint-Louis,Zone sahélienne,173.9958,0,plus_intense,Phase_2_pleine
2009-08-28,C0_plus_intense + C7_plus_intense,2009-08-28_014_007,-15.625,15.875,26.712621688842773,5.071609020233154,2.882309913635254,21.64101266860962,True,True,forte,tres humide,2009,8,28,240,Phase_2_pleine,Pleine saison (Juillet-Aout),Saint-Louis,Zone sahélienne,200.76439,0,plus_intense,Phase_2_pleine
2009-08-28,C0_plus_intense + C7_plus_intense,2009-08-28_014_008,-15.375,15.875,31.53057098388672,4.556619167327881,3.3432700634002686,26.973951816558838,True,True,forte,exceptionnelle,2009,8,28,240,Phase_2_pleine,Pleine saison (Juillet-Aout),Louga,Zone sahélienne,227.53297,0,plus_intense,Phase_2_pleine
2009-08-28,C0_plus_intense + C7_plus_intense,2009-08-28_014_009,-15.125,15.875,35.96366882324219,4.710667610168457,3.6694397926330566,31.25300121307373,True,True,forte,exceptionnelle,2009,8,28,240,Phase_2_pleine,Pleine saison (Juillet-Aout),Louga,Zone sahélienne,254.30157,0,plus_intense,Phase_2_pleine
2009-08-28,C0_plus_intense + C7_plus_intense,2009-08-28_014_010,-14.875,15.875,37.480777740478516,4.603582382202148,4.001442909240723,32.87719535827637,True,True,forte,exceptionnelle,2009,8,28,240,Phase_2_pleine,Pleine saison (Juillet-Aout),Louga,Zone sahélienne,281.07013,0,plus_intense,Phase_2_pleine
2009-08-28,C0_plus_intense + C7_plus_intense,2009-08-28_014_011,-14.625,15.875,32.356815338134766,3.8554205894470215,4.349328994750977,28.501394748687744,True,True,forte,exceptionnelle,2009,8,28,240,Phase_2_pleine,Pleine saison (Juillet-Aout),Matam,Zone sahélienne,307.83875,0,plus_intense,Phase_2_pleine
2009-08-28,C0_plus_intense + C7_plus_intense,2009-08-28_014_012,-14.375,15.875,24.106630325317383,3.1870315074920654,3.892453193664551,20.919598817825317,True,True,forte,exceptionnelle,2009,8,28,240,Phase_2_pleine,Pleine saison (Juillet-Aout),Matam,Zone sahélienne,334.60733,0,plus_intense,Phase_2_pleine
2009-08-28,C0_plus_intense + C7_plus_intense,2009-08-28_014_013,-14.125,15.875,15.470733642578125,3.3475961685180664,2.319002151489258,12.123137474060059,True,False,moderee,tres humide,2009,8,28,240,Phase_2_pleine,Pleine saison (Juillet-Aout),Matam,Zone sahélienne,361.3759,0,plus_intense,Phase_2_pleine
2009-08-28,C0_plus_intense + C7_plus_intense,2009-08-28_014_014,-13.875,15.875,13.080288887023926,3.5007505416870117,1.6964845657348633,9.579538345336914,False,False,moderee,humide,2009,8,28,240,Phase_2_pleine,Pleine saison (Juillet-Aout),Matam,Zone sahélienne,388.1445,0,plus_intense,Phase_2_pleine
2009-08-28,C0_plus_intense + C7_plus_intense,2009-08-28_014_015,-13.625,15.875,16.853761672973633,3.224123954772949,2.2408852577209473,13.629637718200684,True,False,moderee,tres humide,2009,8,28,240,Phase_2_pleine,Pleine saison (Juillet-Aout),Matam,Zone sahélienne,414.91306,0,plus_intense,Phase_2_pleine
2009-08-28,C0_plus_intense + C7_plus_intense,2009-08-28_014_016,-13.375,15.875,12.456342697143555,3.5257821083068848,1.5651215314865112,8.93056058883667,False,False,moderee,humide,2009,8,28,240,Phase_2_pleine,Pleine saison (Juillet-Aout),Matam,Zone sahélienne,441.68167,0,plus_intense,Phase_2_pleine
2009-08-28,C0_plus_intense + C7_plus_intense,2009-08-28_015_004,-16.375,16.125,29.646530151367188,5.425320148468018,3.0606300830841064,24.22121000289917,True,True,forte,exceptionnelle,2009,8,28,240,Phase_2_pleine,Pleine saison (Juillet-Aout),Saint-Louis,Zone sahélienne,120.308014,0,plus_intense,Phase_2_pleine
2009-08-28,C0_plus_intense + C7_plus_intense,2009-08-28_015_005,-16.125,16.125,32.721824645996094,5.327673435211182,3.365602493286133,27.394151210784912,True,True,forte,exceptionnelle,2009,8,28,240,Phase_2_pleine,Pleine saison (Juillet-Aout),Saint-Louis,Zone sahélienne,147.04314,0,plus_intense,Phase_2_pleine
2009-08-28,C0_plus_intense + C7_plus_intense,2009-08-28_015_006,-15.875,16.125,42.018863677978516,6.234009265899658,3.732788562774658,35.78485441207886,True,True,forte,exceptionnelle,2009,8,28,240,Phase_2_pleine,Pleine saison (Juillet-Aout),Saint-Louis,Zone sahélienne,173.77824,0,plus_intense,Phase_2_pleine
2009-08-28,C0_plus_intense + C7_plus_intense,2009-08-28_015_007,-15.625,16.125,31.986251831054688,4.860382556915283,3.554208755493164,27.125869274139404,True,True,forte,exceptionnelle,2009,8,28,240,Phase_2_pleine,Pleine saison (Juillet-Aout),Saint-Louis,Zone sahélienne,200.51337,0,plus_intense,Phase_2_pleine
2009-08-28,C0_plus_intense + C7_plus_intense,2009-08-28_015_008,-15.375,16.125,34.866722106933594,4.351223468780518,3.9902524948120117,30.515498638153076,True,True,forte,exceptionnelle,2009,8,28,240,Phase_2_pleine,Pleine saison (Juillet-Aout),Louga,Zone sahélienne,227.24846,0,plus_intense,Phase_2_pleine
2009-08-28,C0_plus_intense + C7_plus_intense,2009-08-28_015_009,-15.125,16.125,35.4193229675293,4.278432369232178,4.170414447784424,31.14089059829712,True,True,forte,exceptionnelle,2009,8,28,240,Phase_2_pleine,Pleine saison (Juillet-Aout),Louga,Zone sahélienne,253.9836,0,plus_intense,Phase_2_pleine
2009-08-28,C0_plus_intense + C7_plus_intense,2009-08-28_015_010,-14.875,16.125,37.126399993896484,4.280477523803711,4.432372570037842,32.84592247009277,True,True,forte,exceptionnelle,2009,8,28,240,Phase_2_pleine,Pleine saison (Juillet-Aout),Louga,Zone sahélienne,280.7187,0,plus_intense,Phase_2_pleine
2009-08-28,C0_plus_intense + C7_plus_intense,2009-08-28_015_011,-14.625,16.125,30.171140670776367,4.119694709777832,3.961501359939575,26.051445960998535,True,True,forte,exceptionnelle,2009,8,28,240,Phase_2_pleine,Pleine saison (Juillet-Aout),Matam,Zone sahélienne,307.45383,0,plus_intense,Phase_2_pleine
2009-08-28,C0_plus_intense + C7_plus_intense,2009-08-28_015_012,-14.375,16.125,22.586952209472656,3.6989591121673584,3.3053104877471924,18.887993097305298,True,True,forte,exceptionnelle,2009,8,28,240,Phase_2_pleine,Pleine saison (Juillet-Aout),Matam,Zone sahélienne,334.18893,0,plus_intense,Phase_2_pleine
2009-08-28,C0_plus_intense + C7_plus_intense,2009-08-28_015_013,-14.125,16.125,18.48975372314453,3.179525375366211,3.185847759246826,15.31022834777832,True,False,moderee,exceptionnelle,2009,8,28,240,Phase_2_pleine,Pleine saison (Juillet-Aout),Matam,Zone sahélienne,360.92404,0,plus_intense,Phase_2_pleine
2009-08-28,C0_plus_intense + C7_plus_intense,2009-08-28_015_014,-13.875,16.125,13.590002059936523,2.997985601425171,2.422381639480591,10.592016458511353,True,False,moderee,tres humide,2009,8,28,240,Phase_2_pleine,Pleine saison (Juillet-Aout),Matam,Zone sahélienne,387.65915,0,plus_intense,Phase_2_pleine
2009-08-28,C0_plus_intense + C7_plus_intense,2009-08-28_016_005,-16.125,16.375,34.171058654785156,4.994969367980957,3.4388186931610107,29.1760892868042,True,True,forte,exceptionnelle,2009,8,28,240,Phase_2_pleine,Pleine saison (Juillet-Aout),Saint-Louis,Zone sahélienne,146.85623,0,plus_intense,Phase_2_pleine
2009-08-28,C0_plus_intense + C7_plus_intense,2009-08-28_016_006,-15.875,16.375,39.394630432128906,5.804488658905029,3.705345392227173,33.59014177322388,True,True,forte,exceptionnelle,2009,8,28,240,Phase_2_pleine,Pleine saison (Juillet-Aout),Saint-Louis,Zone sahélienne,173.55737,0,plus_intense,Phase_2_pleine
2009-08-28,C0_plus_intense + C7_plus_intense,2009-08-28_016_007,-15.625,16.375,31.782377243041992,4.769165515899658,3.5310773849487305,27.013211727142334,True,True,forte,exceptionnelle,2009,8,28,240,Phase_2_pleine,Pleine saison (Juillet-Aout),Saint-Louis,Zone sahélienne,200.25851,0,plus_intense,Phase_2_pleine
2009-08-28,C0_plus_intense + C7_plus_intense,2009-08-28_016_008,-15.375,16.375,29.58367919921875,4.528251647949219,3.521195411682129,25.05542755126953,True,True,forte,exceptionnelle,2009,8,28,240,Phase_2_pleine,Pleine saison (Juillet-Aout),Louga,Zone sahélienne,226.95963,0,plus_intense,Phase_2_pleine
2009-08-28,C0_plus_intense + C7_plus_intense,2009-08-28_016_009,-15.125,16.375,27.921348571777344,4.699268341064453,3.269160270690918,23.22208023071289,True,True,forte,exceptionnelle,2009,8,28,240,Phase_2_pleine,Pleine saison (Juillet-Aout),Louga,Zone sahélienne,253.66078,0,plus_intense,Phase_2_pleine
2009-08-28,C0_plus_intense + C7_plus_intense,2009-08-28_016_010,-14.875,16.375,26.467327117919922,4.529265403747559,3.195700168609619,21.938061714172363,True,True,forte,exceptionnelle,2009,8,28,240,Phase_2_pleine,Pleine saison (Juillet-Aout),Louga,Zone sahélienne,280.3619,0,plus_intense,Phase_2_pleine
2009-08-28,C0_plus_intense + C7_plus_intense,2009-08-28_016_011,-14.625,16.375,22.508066177368164,3.930903196334839,3.2878427505493164,18.577162981033325,True,True,forte,exceptionnelle,2009,8,28,240,Phase_2_pleine,Pleine saison (Juillet-Aout),Matam,Zone sahélienne,307.06305,0,plus_intense,Phase_2_pleine
2009-08-28,C0_plus_intense + C7_plus_intense,2009-08-28_016_012,-14.375,16.375,17.86707305908203,3.194077491760254,2.870100736618042,14.672995567321777,True,False,moderee,tres humide,2009,8,28,240,Phase_2_pleine,Pleine saison (Juillet-Aout),Matam,Zone sahélienne,333.76416,0,plus_intense,Phase_2_pleine
2009-08-28,C0_plus_intense + C7_plus_intense,2009-08-28_016_013,-14.125,16.375,13.693066596984863,2.9002840518951416,2.417372465133667,10.792782545089722,True,False,moderee,tres humide,2009,8,28,240,Phase_2_pleine,Pleine saison (Juillet-Aout),Matam,Zone sahélienne,360.4653,0,plus_intense,Phase_2_pleine
2009-08-28,C0_plus_intense + C7_plus_intense,2009-08-28_017_010,-14.875,16.625,30.506093978881836,3.810094118118286,3.941251516342163,26.69599986076355,True,True,forte,exceptionnelle,2009,8,28,240,Phase_2_pleine,Pleine saison (Juillet-Aout),Louga,Zone sahélienne,279.9998,0,plus_intense,Phase_2_pleine
2009-08-28,C0_plus_intense + C7_plus_intense,2009-08-28_017_011,-14.625,16.625,26.82672119140625,3.3126816749572754,4.195162296295166,23.514039516448975,True,True,forte,exceptionnelle,2009,8,28,240,Phase_2_pleine,Pleine saison (Juillet-Aout),Matam,Zone sahélienne,306.66644,0,plus_intense,Phase_2_pleine
2009-08-28,C0_plus_intense + C7_plus_intense,2009-08-28_017_012,-14.375,16.625,23.856651306152344,2.911424398422241,4.269731044769287,20.945226907730103,True,True,forte,exceptionnelle,2009,8,28,240,Phase_2_pleine,Pleine saison (Juillet-Aout),Matam,Zone sahélienne,333.33307,0,plus_intense,Phase_2_pleine
1993-07-12,C0_moins_intense,1993-07-12_000_003,-16.625,12.375,1.420411229133606,9.843642234802246,-0.680785596370697,-8.42323100566864,False,False,faible,normale,1993,7,12,193,Phase_2_pleine,Pleine saison (Juillet-Aout),Ziguinchor,Zone soudanienne,95.14188,0,moins_intense,Phase_2_pleine
1993-07-12,C0_moins_intense,1993-07-12_000_004,-16.375,12.375,16.28331756591797,9.751412391662598,0.5675517320632935,6.531905174255371,False,False,moderee,normale,1993,7,12,193,Phase_2_pleine,Pleine saison (Juillet-Aout),Ziguinchor,Zone soudanienne,122.32527,0,moins_intense,Phase_2_pleine
1993-07-12,C0_moins_intense,1993-07-12_000_020,-12.375,12.375,6.620616912841797,8.924542427062988,-0.248750239610672,-2.3039255142211914,False,False,moderee,normale,1993,7,12,193,Phase_2_pleine,Pleine saison (Juillet-Aout),Kédougou,Zone soudanienne,557.2596,0,moins_intense,Phase_2_pleine
1993-07-12,C0_moins_intense,1993-07-12_001_003,-16.625,12.625,3.3691396713256836,9.89055347442627,-0.5615053176879883,-6.521413803100586,False,False,faible,normale,1993,7,12,193,Phase_2_pleine,Pleine saison (Juillet-Aout),Ziguinchor,Zone soudanienne,95.04989,0,moins_intense,Phase_2_pleine
1993-07-12,C0_moins_intense,1993-07-12_001_004,-16.375,12.625,3.623206377029419,9.424814224243164,-0.5291835069656372,-5.801607847213745,False,False,faible,normale,1993,7,12,193,Phase_2_pleine,Pleine saison (Juillet-Aout),Ziguinchor,Zone soudanienne,122.20701,0,moins_intense,Phase_2_pleine
1993-07-12,C0_moins_intense,1993-07-12_001_005,-16.125,12.625,7.475006103515625,9.200382232666016,-0.16656593978405,-1.7253761291503906,False,False,moderee,normale,1993,7,12,193,Phase_2_pleine,Pleine saison (Juillet-Aout),Sédhiou,Zone soudanienne,149.36412,0,moins_intense,Phase_2_pleine
1993-07-12,C0_moins_intense,1993-07-12_001_006,-15.875,12.625,11.209817886352539,8.249266624450684,0.30899307131767273,2.9605512619018555,False,False,moderee,normale,1993,7,12,193,Phase_2_pleine,Pleine saison (Juillet-Aout),Sédhiou,Zone soudanienne,176.52124,0,moins_intense,Phase_2_pleine
1993-07-12,C0_moins_intense,1993-07-12_001_007,-15.625,12.625,7.227264404296875,7.765982627868652,-0.06281518936157227,-0.5387182235717773,False,False,moderee,normale,1993,7,12,193,Phase_2_pleine,Pleine saison (Juillet-Aout),Sédhiou,Zone soudanienne,203.67834,0,moins_intense,Phase_2_pleine
1993-07-12,C0_moins_intense,1993-07-12_001_008,-15.375,12.625,3.8478102684020996,7.386366844177246,-0.40530267357826233,-3.5385565757751465,False,False,faible,normale,1993,7,12,193,Phase_2_pleine,Pleine saison (Juillet-Aout),Kolda,Zone soudanienne,230.83545,0,moins_intense,Phase_2_pleine
1993-07-12,C0_moins_intense,1993-07-12_001_018,-12.875,12.625,7.193417549133301,5.60080099105835,0.23893043398857117,1.5926165580749512,False,False,moderee,normale,1993,7,12,193,Phase_2_pleine,Pleine saison (Juillet-Aout),Kédougou,Zone soudanienne,502.40656,0,moins_intense,Phase_2_pleine
1993-07-12,C0_moins_intense,1993-07-12_001_019,-12.625,12.625,7.628406524658203,6.493727684020996,0.14971905946731567,1.134678840637207,False,False,moderee,normale,1993,7,12,193,Phase_2_pleine,Pleine saison (Juillet-Aout),Kédougou,Zone soudanienne,529.56366,0,moins_intense,Phase_2_pleine
1993-07-12,C0_moins_intense,1993-07-12_001_020,-12.375,12.625,0.0,7.511866569519043,-0.8551532030105591,-7.511866569519043,False,False,trace,normale,1993,7,12,193,Phase_2_pleine,Pleine saison (Juillet-Aout),Kédougou,Zone soudanienne,556.7208,0,moins_intense,Phase_2_pleine
1993-07-12,C0_moins_intense,1993-07-12_001_021,-12.125,12.625,0.0,6.806198596954346,-0.8735023736953735,-6.806198596954346,False,False,trace,normale,1993,7,12,193,Phase_2_pleine,Pleine saison (Juillet-Aout),Kédougou,Zone soudanienne,583.87787,0,moins_intense,Phase_2_pleine
1993-07-12,C0_moins_intense,1993-07-12_001_022,-11.875,12.625,0.0,6.218832969665527,-0.8719944357872009,-6.218832969665527,False,False,trace,normale,1993,7,12,193,Phase_2_pleine,Pleine saison (Juillet-Aout),Kédougou,Zone soudanienne,611.03503,0,moins_intense,Phase_2_pleine
1993-07-12,C0_moins_intense,1993-07-12_001_023,-11.625,12.625,1.941768765449524,6.769519329071045,-0.6307123899459839,-4.827750563621521,False,False,faible,normale,1993,7,12,193,Phase_2_pleine,Pleine saison (Juillet-Aout),Kédougou,Zone soudanienne,638.19214,0,moins_intense,Phase_2_pleine
1993-07-12,C0_moins_intense,1993-07-12_002_003,-16.625,12.875,8.543254852294922,9.913586616516113,-0.12345601618289948,-1.3703317642211914,False,False,moderee,normale,1993,7,12,193,Phase_2_pleine,Pleine saison (Juillet-Aout),Ziguinchor,Zone soudanienne,94.95609,0,moins_intense,Phase_2_pleine
1993-07-12,C0_moins_intense,1993-07-12_002_004,-16.375,12.875,2.5307178497314453,9.433769226074219,-0.6246988773345947,-6.903051376342773,False,False,faible,normale,1993,7,12,193,Phase_2_pleine,Pleine saison (Juillet-Aout),Ziguinchor,Zone soudanienne,122.08641,0,moins_intense,Phase_2_pleine
1993-07-12,C0_moins_intense,1993-07-12_002_005,-16.125,12.875,2.2199912071228027,8.682857513427734,-0.6877667903900146,-6.462866306304932,False,False,faible,normale,1993,7,12,193,Phase_2_pleine,Pleine saison (Juillet-Aout),Sédhiou,Zone soudanienne,149.21672,0,moins_intense,Phase_2_pleine
1993-07-12,C0_moins_intense,1993-07-12_002_006,-15.875,12.875,0.9086493849754333,7.406561374664307,-0.7457250356674194,-6.497911989688873,False,False,trace,normale,1993,7,12,193,Phase_2_pleine,Pleine saison (Juillet-Aout),Sédhiou,Zone soudanienne,176.34703,0,moins_intense,Phase_2_pleine
1993-07-12,C0_moins_intense,1993-07-12_002_007,-15.625,12.875,0.0,7.159958362579346,-0.8228518962860107,-7.159958362579346,False,False,trace,normale,1993,7,12,193,Phase_2_pleine,Pleine saison (Juillet-Aout),Sédhiou,Zone soudanienne,203.47736,0,moins_intense,Phase_2_pleine
1993-07-12,C0_moins_intense,1993-07-12_002_008,-15.375,12.875,0.0,7.236546039581299,-0.9180939793586731,-7.236546039581299,False,False,trace,normale,1993,7,12,193,Phase_2_pleine,Pleine saison (Juillet-Aout),Kolda,Zone soudanienne,230.60765,0,moins_intense,Phase_2_pleine
1993-07-12,C0_moins_intense,1993-07-12_002_009,-15.125,12.875,7.5531535148620605,6.327516078948975,0.17445579171180725,1.225637435913086,False,False,moderee,normale,1993,7,12,193,Phase_2_pleine,Pleine saison (Juillet-Aout),Kolda,Zone soudanienne,257.73798,0,moins_intense,Phase_2_pleine
1993-07-12,C0_moins_intense,1993-07-12_002_010,-14.875,12.875,4.836642742156982,5.846419811248779,-0.14046834409236908,-1.0097770690917969,False,False,faible,normale,1993,7,12,193,Phase_2_pleine,Pleine saison (Juillet-Aout),Kolda,Zone soudanienne,284.8683,0,moins_intense,Phase_2_pleine
1993-07-12,C0_moins_intense,1993-07-12_002_011,-14.625,12.875,10.452154159545898,6.487971305847168,0.4628111720085144,3.9641828536987305,False,False,moderee,normale,1993,7,12,193,Phase_2_pleine,Pleine saison (Juillet-Aout),Kolda,Zone soudanienne,311.9986,0,moins_intense,Phase_2_pleine
1993-07-12,C0_moins_intense,1993-07-12_002_012,-14.375,12.875,10.058854103088379,5.92667293548584,0.5123783349990845,4.132181167602539,False,False,moderee,normale,1993,7,12,193,Phase_2_pleine,Pleine saison (Juillet-Aout),Kolda,Zone soudanienne,339.1289,0,moins_intense,Phase_2_pleine
1993-07-12,C0_moins_intense,1993-07-12_002_013,-14.125,12.875,16.00623321533203,5.175245761871338,1.4475499391555786,10.830987453460693,False,False,moderee,humide,1993,7,12,193,Phase_2_pleine,Pleine saison (Juillet-Aout),Kolda,Zone soudanienne,366.25922,0,moins_intense,Phase_2_pleine
1993-07-12,C0_moins_intense,1993-07-12_002_014,-13.875,12.875,15.842035293579102,5.630634307861328,1.3446611166000366,10.211400985717773,False,False,moderee,humide,1993,7,12,193,Phase_2_pleine,Pleine saison (Juillet-Aout),Tambacounda,Zone soudanienne,393.38953,0,moins_intense,Phase_2_pleine
1993-07-12,C0_moins_intense,1993-07-12_002_015,-13.625,12.875,11.90829849243164,4.751131057739258,1.2068581581115723,7.157167434692383,False,False,moderee,humide,1993,7,12,193,Phase_2_pleine,Pleine saison (Juillet-Aout),Tambacounda,Zone soudanienne,420.51984,0,moins_intense,Phase_2_pleine
1993-07-12,C0_moins_intense,1993-07-12_002_016,-13.375,12.875,10.085213661193848,4.005932807922363,1.2287535667419434,6.079280853271484,False,False,moderee,humide,1993,7,12,193,Phase_2_pleine,Pleine saison (Juillet-Aout),Tambacounda,Zone soudanienne,447.65018,0,moins_intense,Phase_2_pleine
1993-07-12,C0_moins_intense,1993-07-12_002_017,-13.125,12.875,7.811235427856445,4.263776779174805,0.677799642086029,3.5474586486816406,False,False,moderee,normale,1993,7,12,193,Phase_2_pleine,Pleine saison (Juillet-Aout),Kédougou,Zone soudanienne,474.78046,0,moins_intense,Phase_2_pleine
1993-07-12,C0_moins_intense,1993-07-12_002_018,-12.875,12.875,6.216892242431641,4.70631742477417,0.26948192715644836,1.5105748176574707,False,False,moderee,normale,1993,7,12,193,Phase_2_pleine,Pleine saison (Juillet-Aout),Kédougou,Zone soudanienne,501.91077,0,moins_intense,Phase_2_pleine
1993-07-12,C0_moins_intense,1993-07-12_002_019,-12.625,12.875,5.539611339569092,4.70533561706543,0.14575982093811035,0.8342757225036621,False,False,moderee,normale,1993,7,12,193,Phase_2_pleine,Pleine saison (Juillet-Aout),Kédougou,Zone soudanienne,529.0411,0,moins_intense,Phase_2_pleine
1993-07-12,C0_moins_intense,1993-07-12_002_020,-12.375,12.875,0.0,5.186406135559082,-0.7966169714927673,-5.186406135559082,False,False,trace,normale,1993,7,12,193,Phase_2_pleine,Pleine saison (Juillet-Aout),Kédougou,Zone soudanienne,556.17145,0,moins_intense,Phase_2_pleine
1993-07-12,C0_moins_intense,1993-07-12_002_021,-12.125,12.875,0.0,5.480110168457031,-0.8114522695541382,-5.480110168457031,False,False,trace,normale,1993,7,12,193,Phase_2_pleine,Pleine saison (Juillet-Aout),Kédougou,Zone soudanienne,583.3017,0,moins_intense,Phase_2_pleine
1993-07-12,C0_moins_intense,1993-07-12_002_022,-11.875,12.875,0.0,6.146460056304932,-0.7219024896621704,-6.146460056304932,False,False,trace,normale,1993,7,12,193,Phase_2_pleine,Pleine saison (Juillet-Aout),Kédougou,Zone soudanienne,610.432,0,moins_intense,Phase_2_pleine
1993-07-12,C0_moins_intense,1993-07-12_002_023,-11.625,12.875,1.9480303525924683,6.335821628570557,-0.5787741541862488,-4.387791275978088,False,False,faible,normale,1993,7,12,193,Phase_2_pleine,Pleine saison (Juillet-Aout),Kédougou,Zone soudanienne,637.5624,0,moins_intense,Phase_2_pleine
1993-07-12,C0_moins_intense,1993-07-12_003_003,-16.625,13.125,5.70915412902832,7.815147399902344,-0.2517080008983612,-2.1059932708740234,False,False,moderee,normale,1993,7,12,193,Phase_2_pleine,Pleine saison (Juillet-Aout),Ziguinchor,Zone soudanienne,94.86048,0,moins_intense,Phase_2_pleine
1993-07-12,C0_moins_intense,1993-07-12_003_004,-16.375,13.125,4.679204940795898,8.214247703552246,-0.4055982232093811,-3.5350427627563477,False,False,faible,normale,1993,7,12,193,Phase_2_pleine,Pleine saison (Juillet-Aout),Ziguinchor,Zone soudanienne,121.96348,0,moins_intense,Phase_2_pleine
1993-07-12,C0_moins_intense,1993-07-12_003_005,-16.125,13.125,0.2652352452278137,7.996917247772217,-0.8428584933280945,-7.731682002544403,False,False,trace,normale,1993,7,12,193,Phase_2_pleine,Pleine saison (Juillet-Aout),Sédhiou,Zone soudanienne,149.06648,0,moins_intense,Phase_2_pleine
1993-07-12,C0_moins_intense,1993-07-12_003_006,-15.875,13.125,0.0,6.816168308258057,-0.8410592079162598,-6.816168308258057,False,False,trace,normale,1993,7,12,193,Phase_2_pleine,Pleine saison (Juillet-Aout),Sédhiou,Zone soudanienne,176.16948,0,moins_intense,Phase_2_pleine
1993-07-12,C0_moins_intense,1993-07-12_003_007,-15.625,13.125,0.0,5.7562994956970215,-0.7690152525901794,-5.7562994956970215,False,False,trace,normale,1993,7,12,193,Phase_2_pleine,Pleine saison (Juillet-Aout),Sédhiou,Zone soudanienne,203.27248,0,moins_intense,Phase_2_pleine
1993-07-12,C0_moins_intense,1993-07-12_003_008,-15.375,13.125,0.0,6.012567043304443,-0.901976466178894,-6.012567043304443,False,False,trace,normale,1993,7,12,193,Phase_2_pleine,Pleine saison (Juillet-Aout),Kolda,Zone soudanienne,230.37546,0,moins_intense,Phase_2_pleine
1993-07-12,C0_moins_intense,1993-07-12_003_009,-15.125,13.125,3.116269826889038,5.708284378051758,-0.3709625005722046,-2.5920145511627197,False,False,faible,normale,1993,7,12,193,Phase_2_pleine,Pleine saison (Juillet-Aout),Kolda,Zone soudanienne,257.47845,0,moins_intense,Phase_2_pleine
1993-07-12,C0_moins_intense,1993-07-12_003_010,-14.875,13.125,9.686956405639648,5.627594947814941,0.5903005599975586,4.059361457824707,False,False,moderee,normale,1993,7,12,193,Phase_2_pleine,Pleine saison (Juillet-Aout),Kolda,Zone soudanienne,284.58145,0,moins_intense,Phase_2_pleine
1993-07-12,C0_moins_intense,1993-07-12_003_011,-14.625,13.125,14.093781471252441,5.816229343414307,1.1375807523727417,8.277552127838135,False,False,moderee,humide,1993,7,12,193,Phase_2_pleine,Pleine saison (Juillet-Aout),Kolda,Zone soudanienne,311.68445,0,moins_intense,Phase_2_pleine
1993-07-12,C0_moins_intense,1993-07-12_003_012,-14.375,13.125,12.488625526428223,4.943305015563965,1.208214521408081,7.545320510864258,False,False,moderee,humide,1993,7,12,193,Phase_2_pleine,Pleine saison (Juillet-Aout),Tambacounda,Zone soudanienne,338.78745,0,moins_intense,Phase_2_pleine
1993-07-12,C0_moins_intense,1993-07-12_003_013,-14.125,13.125,13.356270790100098,4.878632545471191,1.3752533197402954,8.477638244628906,False,False,moderee,humide,1993,7,12,193,Phase_2_pleine,Pleine saison (Juillet-Aout),Tambacounda,Zone soudanienne,365.89044,0,moins_intense,Phase_2_pleine
1993-07-12,C0_moins_intense,1993-07-12_003_014,-13.875,13.125,14.56873893737793,5.1851301193237305,1.4611034393310547,9.3836088180542,False,False,moderee,humide,1993,7,12,193,Phase_2_pleine,Pleine saison (Juillet-Aout),Tambacounda,Zone soudanienne,392.99344,0,moins_intense,Phase_2_pleine
1993-07-12,C0_moins_intense,1993-07-12_003_015,-13.625,13.125,14.230486869812012,5.044082164764404,1.4255071878433228,9.186404705047607,False,False,moderee,humide,1993,7,12,193,Phase_2_pleine,Pleine saison (Juillet-Aout),Tambacounda,Zone soudanienne,420.09644,0,moins_intense,Phase_2_pleine
1993-07-12,C0_moins_intense,1993-07-12_003_016,-13.375,13.125,13.17978286743164,4.758240222930908,1.438461184501648,8.421542644500732,False,False,moderee,humide,1993,7,12,193,Phase_2_pleine,Pleine saison (Juillet-Aout),Tambacounda,Zone soudanienne,447.19943,0,moins_intense,Phase_2_pleine
1993-07-12,C0_moins_intense,1993-07-12_003_017,-13.125,13.125,8.376367568969727,4.217089653015137,0.8036864995956421,4.15927791595459,False,False,moderee,normale,1993,7,12,193,Phase_2_pleine,Pleine saison (Juillet-Aout),Tambacounda,Zone soudanienne,474.30243,0,moins_intense,Phase_2_pleine
1993-07-12,C0_moins_intense,1993-07-12_003_018,-12.875,13.125,5.593326568603516,4.432302951812744,0.20784792304039001,1.1610236167907715,False,False,moderee,normale,1993,7,12,193,Phase_2_pleine,Pleine saison (Juillet-Aout),Tambacounda,Zone soudanienne,501.4054,0,moins_intense,Phase_2_pleine
1993-07-12,C0_moins_intense,1993-07-12_003_019,-12.625,13.125,3.425339937210083,3.4590091705322266,-0.007009847555309534,-0.033669233322143555,False,False,faible,normale,1993,7,12,193,Phase_2_pleine,Pleine saison (Juillet-Aout),Tambacounda,Zone soudanienne,528.5084,0,moins_intense,Phase_2_pleine
1993-07-12,C0_moins_intense,1993-07-12_003_020,-12.375,13.125,0.0,3.777712821960449,-0.7373844385147095,-3.777712821960449,False,False,trace,normale,1993,7,12,193,Phase_2_pleine,Pleine saison (Juillet-Aout),Tambacounda,Zone soudanienne,555.61145,0,moins_intense,Phase_2_pleine
1993-07-12,C0_moins_intense,1993-07-12_003_021,-12.125,13.125,0.0,4.543909072875977,-0.7390182614326477,-4.543909072875977,False,False,trace,normale,1993,7,12,193,Phase_2_pleine,Pleine saison (Juillet-Aout),Tambacounda,Zone soudanienne,582.71436,0,moins_intense,Phase_2_pleine
1993-07-12,C0_moins_intense,1993-07-12_003_022,-11.875,13.125,1.4716763496398926,5.8413214683532715,-0.5520986914634705,-4.369645118713379,False,False,faible,normale,1993,7,12,193,Phase_2_pleine,Pleine saison (Juillet-Aout),Tambacounda,Zone soudanienne,609.8174,0,moins_intense,Phase_2_pleine
1993-07-12,C0_moins_intense,1993-07-12_003_023,-11.625,13.125,4.911876678466797,5.8241143226623535,-0.13892574608325958,-0.9122376441955566,False,False,faible,normale,1993,7,12,193,Phase_2_pleine,Pleine saison (Juillet-Aout),Tambacounda,Zone soudanienne,636.9204,0,moins_intense,Phase_2_pleine
1993-07-12,C0_moins_intense,1993-07-12_004_009,-15.125,13.375,3.5450801849365234,4.773414611816406,-0.21313753724098206,-1.2283344268798828,False,False,faible,normale,1993,7,12,193,Phase_2_pleine,Pleine saison (Juillet-Aout),Kolda,Zone soudanienne,257.21408,0,moins_intense,Phase_2_pleine
1993-07-12,C0_moins_intense,1993-07-12_004_010,-14.875,13.375,8.79899787902832,5.070609092712402,0.5915438532829285,3.728388786315918,False,False,moderee,normale,1993,7,12,193,Phase_2_pleine,Pleine saison (Juillet-Aout),Kolda,Zone soudanienne,284.2892,0,moins_intense,Phase_2_pleine
1993-07-12,C0_moins_intense,1993-07-12_004_015,-13.625,13.375,12.55051040649414,4.337707996368408,1.52849543094635,8.212802410125732,False,False,moderee,humide,1993,7,12,193,Phase_2_pleine,Pleine saison (Juillet-Aout),Tambacounda,Zone soudanienne,419.66504,0,moins_intense,Phase_2_pleine
1993-07-12,C0_moins_intense,1993-07-12_004_016,-13.375,13.375,10.521322250366211,4.422310829162598,1.1969290971755981,6.099011421203613,False,False,moderee,humide,1993,7,12,193,Phase_2_pleine,Pleine saison (Juillet-Aout),Tambacounda,Zone soudanienne,446.7402,0,moins_intense,Phase_2_pleine
1993-07-12,C0_moins_intense,1993-07-12_004_017,-13.125,13.375,5.074430465698242,4.417795181274414,0.12555021047592163,0.6566352844238281,False,False,moderee,normale,1993,7,12,193,Phase_2_pleine,Pleine saison (Juillet-Aout),Tambacounda,Zone soudanienne,473.81537,0,moins_intense,Phase_2_pleine
1993-07-12,C0_moins_intense,1993-07-12_004_018,-12.875,13.375,0.0,3.789649486541748,-0.758044421672821,-3.789649486541748,False,False,trace,normale,1993,7,12,193,Phase_2_pleine,Pleine saison (Juillet-Aout),Tambacounda,Zone soudanienne,500.89053,0,moins_intense,Phase_2_pleine
1993-07-12,C0_moins_intense,1993-07-12_004_019,-12.625,13.375,0.0,3.0842537879943848,-0.6686603426933289,-3.0842537879943848,False,False,trace,normale,1993,7,12,193,Phase_2_pleine,Pleine saison (Juillet-Aout),Tambacounda,Zone soudanienne,527.9657,0,moins_intense,Phase_2_pleine
1993-07-12,C0_moins_intense,1993-07-12_004_020,-12.375,13.375,0.0,3.8585205078125,-0.7171579599380493,-3.8585205078125,False,False,trace,normale,1993,7,12,193,Phase_2_pleine,Pleine saison (Juillet-Aout),Tambacounda,Zone soudanienne,555.0409,0,moins_intense,Phase_2_pleine
1993-07-12,C0_moins_intense,1993-07-12_004_021,-12.125,13.375,0.0,4.1940598487854,-0.6961100697517395,-4.1940598487854,False,False,trace,normale,1993,7,12,193,Phase_2_pleine,Pleine saison (Juillet-Aout),Tambacounda,Zone soudanienne,582.116,0,moins_intense,Phase_2_pleine
1993-07-12,C0_moins_intense,1993-07-12_004_022,-11.875,13.375,3.2937545776367188,4.764394760131836,-0.2277650237083435,-1.4706401824951172,False,False,faible,normale,1993,7,12,193,Phase_2_pleine,Pleine saison (Juillet-Aout),Tambacounda,Zone soudanienne,609.19116,0,moins_intense,Phase_2_pleine
1993-07-12,C0_moins_intense,1993-07-12_004_023,-11.625,13.375,4.101339817047119,5.6180219650268555,-0.21093742549419403,-1.5166821479797363,False,False,faible,normale,1993,7,12,193,Phase_2_pleine,Pleine saison (Juillet-Aout),Tambacounda,Zone soudanienne,636.26636,0,moins_intense,Phase_2_pleine
1993-07-12,C0_moins_intense,1993-07-12_005_004,-16.375,13.625,0.0,4.622655868530273,-0.7380058169364929,-4.622655868530273,False,False,trace,normale,1993,7,12,193,Phase_2_pleine,Pleine saison (Juillet-Aout),Kaolack,Zone soudano-sahélienne,121.71068,0,moins_intense,Phase_2_pleine
1993-07-12,C0_moins_intense,1993-07-12_005_005,-16.125,13.625,0.0,4.439625263214111,-0.7214826941490173,-4.439625263214111,False,False,trace,normale,1993,7,12,193,Phase_2_pleine,Pleine saison (Juillet-Aout),Kaolack,Zone soudano-sahélienne,148.75749,0,moins_intense,Phase_2_pleine
1993-07-12,C0_moins_intense,1993-07-12_005_006,-15.875,13.625,0.3310565650463104,4.431605339050293,-0.6300893425941467,-4.1005487740039825,False,False,trace,normale,1993,7,12,193,Phase_2_pleine,Pleine saison (Juillet-Aout),Kaffrine,Zone soudano-sahélienne,175.80432,0,moins_intense,Phase_2_pleine
1993-07-12,C0_moins_intense,1993-07-12_005_007,-15.625,13.625,0.0,4.718059539794922,-0.6526553630828857,-4.718059539794922,False,False,trace,normale,1993,7,12,193,Phase_2_pleine,Pleine saison (Juillet-Aout),Kaffrine,Zone soudano-sahélienne,202.85114,0,moins_intense,Phase_2_pleine
1993-07-12,C0_moins_intense,1993-07-12_005_012,-14.375,13.625,12.070392608642578,4.51531457901001,1.3487533330917358,7.555078029632568,False,False,moderee,humide,1993,7,12,193,Phase_2_pleine,Pleine saison (Juillet-Aout),Tambacounda,Zone soudano-sahélienne,338.0852,0,moins_intense,Phase_2_pleine
1993-07-12,C0_moins_intense,1993-07-12_005_013,-14.125,13.625,8.781988143920898,4.036404132843018,0.9812663197517395,4.745584011077881,False,False,moderee,normale,1993,7,12,193,Phase_2_pleine,Pleine saison (Juillet-Aout),Tambacounda,Zone soudano-sahélienne,365.13202,0,moins_intense,Phase_2_pleine
1993-07-12,C0_moins_intense,1993-07-12_005_014,-13.875,13.625,9.399246215820312,4.3217549324035645,0.9616106748580933,5.077491283416748,False,False,moderee,normale,1993,7,12,193,Phase_2_pleine,Pleine saison (Juillet-Aout),Tambacounda,Zone soudano-sahélienne,392.17886,0,moins_intense,Phase_2_pleine
1993-07-12,C0_moins_intense,1993-07-12_005_015,-13.625,13.625,9.466553688049316,3.7835817337036133,1.188311219215393,5.682971954345703,False,False,moderee,humide,1993,7,12,193,Phase_2_pleine,Pleine saison (Juillet-Aout),Tambacounda,Zone soudano-sahélienne,419.22565,0,moins_intense,Phase_2_pleine
1993-07-12,C0_moins_intense,1993-07-12_005_016,-13.375,13.625,4.8535990715026855,3.8897390365600586,0.20288696885108948,0.963860034942627,False,False,faible,normale,1993,7,12,193,Phase_2_pleine,Pleine saison (Juillet-Aout),Tambacounda,Zone soudano-sahélienne,446.2725,0,moins_intense,Phase_2_pleine
1993-07-12,C0_moins_intense,1993-07-12_005_017,-13.125,13.625,1.0200326442718506,3.822554111480713,-0.6179684996604919,-2.8025214672088623,False,False,faible,normale,1993,7,12,193,Phase_2_pleine,Pleine saison (Juillet-Aout),Tambacounda,Zone soudano-sahélienne,473.3193,0,moins_intense,Phase_2_pleine
1993-07-12,C0_moins_intense,1993-07-12_005_018,-12.875,13.625,0.0,3.742342948913574,-0.7772250771522522,-3.742342948913574,False,False,trace,normale,1993,7,12,193,Phase_2_pleine,Pleine saison (Juillet-Aout),Tambacounda,Zone soudano-sahélienne,500.3661,0,moins_intense,Phase_2_pleine
1993-07-12,C0_moins_intense,1993-07-12_005_019,-12.625,13.625,0.0,3.159207820892334,-0.6638810038566589,-3.159207820892334,False,False,trace,normale,1993,7,12,193,Phase_2_pleine,Pleine saison (Juillet-Aout),Tambacounda,Zone soudano-sahélienne,527.4129,0,moins_intense,Phase_2_pleine
1993-07-12,C0_moins_intense,1993-07-12_005_020,-12.375,13.625,0.7733708024024963,3.3134825229644775,-0.5147383213043213,-2.540111720561981,False,False,trace,normale,1993,7,12,193,Phase_2_pleine,Pleine saison (Juillet-Aout),Tambacounda,Zone soudano-sahélienne,554.4598,0,moins_intense,Phase_2_pleine
1993-07-12,C0_moins_intense,1993-07-12_005_021,-12.125,13.625,0.297982394695282,3.816375732421875,-0.6371230483055115,-3.518393337726593,False,False,trace,normale,1993,7,12,193,Phase_2_pleine,Pleine saison (Juillet-Aout),Tambacounda,Zone soudano-sahélienne,581.50653,0,moins_intense,Phase_2_pleine
1993-07-12,C0_moins_intense,1993-07-12_006_003,-16.625,13.875,0.0,4.515087127685547,-0.6614010334014893,-4.515087127685547,False,False,trace,normale,1993,7,12,193,Phase_2_pleine,Pleine saison (Juillet-Aout),Fatick,Zone soudano-sahélienne,94.562836,0,moins_intense,Phase_2_pleine
1993-07-12,C0_moins_intense,1993-07-12_006_004,-16.375,13.875,0.0,3.6429550647735596,-0.6820546984672546,-3.6429550647735596,False,False,trace,normale,1993,7,12,193,Phase_2_pleine,Pleine saison (Juillet-Aout),Fatick,Zone soudano-sahélienne,121.580795,0,moins_intense,Phase_2_pleine
1993-07-12,C0_moins_intense,1993-07-12_006_005,-16.125,13.875,0.0,3.9170265197753906,-0.640811026096344,-3.9170265197753906,False,False,trace,normale,1993,7,12,193,Phase_2_pleine,Pleine saison (Juillet-Aout),Fatick,Zone soudano-sahélienne,148.59875,0,moins_intense,Phase_2_pleine
1993-07-12,C0_moins_intense,1993-07-12_006_006,-15.875,13.875,0.0,4.449949264526367,-0.6211485862731934,-4.449949264526367,False,False,trace,normale,1993,7,12,193,Phase_2_pleine,Pleine saison (Juillet-Aout),Kaolack,Zone soudano-sahélienne,175.6167,0,moins_intense,Phase_2_pleine
1993-07-12,C0_moins_intense,1993-07-12_006_007,-15.625,13.875,0.0,4.563990116119385,-0.667620062828064,-4.563990116119385,False,False,trace,normale,1993,7,12,193,Phase_2_pleine,Pleine saison (Juillet-Aout),Kaolack,Zone soudano-sahélienne,202.63466,0,moins_intense,Phase_2_pleine
1993-07-12,C0_moins_intense,1993-07-12_006_008,-15.375,13.875,2.2414281368255615,4.501305103302002,-0.32328909635543823,-2.2598769664764404,False,False,faible,normale,1993,7,12,193,Phase_2_pleine,Pleine saison (Juillet-Aout),Kaffrine,Zone soudano-sahélienne,229.6526,0,moins_intense,Phase_2_pleine
1993-07-12,C0_moins_intense,1993-07-12_006_009,-15.125,13.875,0.7487781047821045,3.7507238388061523,-0.5119113922119141,-3.001945734024048,False,False,trace,normale,1993,7,12,193,Phase_2_pleine,Pleine saison (Juillet-Aout),Kaffrine,Zone soudano-sahélienne,256.67056,0,moins_intense,Phase_2_pleine
1993-07-12,C0_moins_intense,1993-07-12_006_010,-14.875,13.875,3.7759528160095215,4.071938514709473,-0.054622530937194824,-0.29598569869995117,False,False,faible,normale,1993,7,12,193,Phase_2_pleine,Pleine saison (Juillet-Aout),Kaffrine,Zone soudano-sahélienne,283.6885,0,moins_intense,Phase_2_pleine
1993-07-12,C0_moins_intense,1993-07-12_006_011,-14.625,13.875,3.30704927444458,4.30238676071167,-0.18315663933753967,-0.9953374862670898,False,False,faible,normale,1993,7,12,193,Phase_2_pleine,Pleine saison (Juillet-Aout),Kaffrine,Zone soudano-sahélienne,310.70648,0,moins_intense,Phase_2_pleine
1993-07-12,C0_moins_intense,1993-07-12_006_012,-14.375,13.875,4.484969615936279,4.266438961029053,0.03806890919804573,0.21853065490722656,False,False,faible,normale,1993,7,12,193,Phase_2_pleine,Pleine saison (Juillet-Aout),Tambacounda,Zone soudano-sahélienne,337.72443,0,moins_intense,Phase_2_pleine
1993-07-12,C0_moins_intense,1993-07-12_006_013,-14.125,13.875,2.088193655014038,3.7407407760620117,-0.2944454848766327,-1.6525471210479736,False,False,faible,normale,1993,7,12,193,Phase_2_pleine,Pleine saison (Juillet-Aout),Tambacounda,Zone soudano-sahélienne,364.74237,0,moins_intense,Phase_2_pleine
1993-07-12,C0_moins_intense,1993-07-12_006_014,-13.875,13.875,2.4730451107025146,3.3799374103546143,-0.18307934701442719,-0.9068922996520996,False,False,faible,normale,1993,7,12,193,Phase_2_pleine,Pleine saison (Juillet-Aout),Tambacounda,Zone soudano-sahélienne,391.76035,0,moins_intense,Phase_2_pleine
1993-07-12,C0_moins_intense,1993-07-12_006_015,-13.625,13.875,5.001856803894043,3.831210136413574,0.22895386815071106,1.1706466674804688,False,False,moderee,normale,1993,7,12,193,Phase_2_pleine,Pleine saison (Juillet-Aout),Tambacounda,Zone soudano-sahélienne,418.7783,0,moins_intense,Phase_2_pleine
1993-07-12,C0_moins_intense,1993-07-12_006_016,-13.375,13.875,2.176941394805908,4.278841018676758,-0.3705942928791046,-2.1018996238708496,False,False,faible,normale,1993,7,12,193,Phase_2_pleine,Pleine saison (Juillet-Aout),Tambacounda,Zone soudano-sahélienne,445.79623,0,moins_intense,Phase_2_pleine
1993-07-12,C0_moins_intense,1993-07-12_006_017,-13.125,13.875,0.0,3.879657745361328,-0.768945038318634,-3.879657745361328,False,False,trace,normale,1993,7,12,193,Phase_2_pleine,Pleine saison (Juillet-Aout),Tambacounda,Zone soudano-sahélienne,472.81418,0,moins_intense,Phase_2_pleine
1993-07-12,C0_moins_intense,1993-07-12_006_018,-12.875,13.875,0.0,3.997084856033325,-0.7285096645355225,-3.997084856033325,False,False,trace,normale,1993,7,12,193,Phase_2_pleine,Pleine saison (Juillet-Aout),Tambacounda,Zone soudano-sahélienne,499.83212,0,moins_intense,Phase_2_pleine
1993-07-12,C0_moins_intense,1993-07-12_006_019,-12.625,13.875,0.0,3.229255199432373,-0.6857927441596985,-3.229255199432373,False,False,trace,normale,1993,7,12,193,Phase_2_pleine,Pleine saison (Juillet-Aout),Tambacounda,Zone soudano-sahélienne,526.8501,0,moins_intense,Phase_2_pleine
1993-07-12,C0_moins_intense,1993-07-12_006_020,-12.375,13.875,2.5229010581970215,3.2957565784454346,-0.1652088463306427,-0.7728555202484131,False,False,faible,normale,1993,7,12,193,Phase_2_pleine,Pleine saison (Juillet-Aout),Tambacounda,Zone soudano-sahélienne,553.86804,0,moins_intense,Phase_2_pleine
1993-07-12,C0_moins_intense,1993-07-12_006_021,-12.125,13.875,0.5608674883842468,3.6163532733917236,-0.60648113489151,-3.055485785007477,False,False,trace,normale,1993,7,12,193,Phase_2_pleine,Pleine saison (Juillet-Aout),Tambacounda,Zone soudano-sahélienne,580.886,0,moins_intense,Phase_2_pleine
1993-07-12,C0_moins_intense,1993-07-12_007_003,-16.625,14.125,0.0,3.4966933727264404,-0.6998273730278015,-3.4966933727264404,False,False,trace,normale,1993,7,12,193,Phase_2_pleine,Pleine saison (Juillet-Aout),Fatick,Zone soudano-sahélienne,94.460014,0,moins_intense,Phase_2_pleine
1993-07-12,C0_moins_intense,1993-07-12_007_004,-16.375,14.125,0.0,3.356969118118286,-0.6552413702011108,-3.356969118118286,False,False,trace,normale,1993,7,12,193,Phase_2_pleine,Pleine saison (Juillet-Aout),Fatick,Zone soudano-sahélienne,121.44859,0,moins_intense,Phase_2_pleine
1993-07-12,C0_moins_intense,1993-07-12_007_005,-16.125,14.125,0.0,3.958183526992798,-0.6808287501335144,-3.958183526992798,False,False,trace,normale,1993,7,12,193,Phase_2_pleine,Pleine saison (Juillet-Aout),Fatick,Zone soudano-sahélienne,148.43718,0,moins_intense,Phase_2_pleine
1993-07-12,C0_moins_intense,1993-07-12_007_006,-15.875,14.125,0.0,4.461190700531006,-0.6346756219863892,-4.461190700531006,False,False,trace,normale,1993,7,12,193,Phase_2_pleine,Pleine saison (Juillet-Aout),Kaolack,Zone soudano-sahélienne,175.42575,0,moins_intense,Phase_2_pleine
1993-07-12,C0_moins_intense,1993-07-12_007_007,-15.625,14.125,0.6758051514625549,4.21565055847168,-0.5167695879936218,-3.5398454070091248,False,False,trace,normale,1993,7,12,193,Phase_2_pleine,Pleine saison (Juillet-Aout),Kaolack,Zone soudano-sahélienne,202.41434,0,moins_intense,Phase_2_pleine
1993-07-12,C0_moins_intense,1993-07-12_007_008,-15.375,14.125,7.663348197937012,3.752178907394409,0.6564133167266846,3.9111692905426025,False,False,moderee,normale,1993,7,12,193,Phase_2_pleine,Pleine saison (Juillet-Aout),Kaffrine,Zone soudano-sahélienne,229.4029,0,moins_intense,Phase_2_pleine
1993-07-12,C0_moins_intense,1993-07-12_007_009,-15.125,14.125,3.178412675857544,3.6090972423553467,-0.07600652426481247,-0.43068456649780273,False,False,faible,normale,1993,7,12,193,Phase_2_pleine,Pleine saison (Juillet-Aout),Kaffrine,Zone soudano-sahélienne,256.39148,0,moins_intense,Phase_2_pleine
1993-07-12,C0_moins_intense,1993-07-12_007_010,-14.875,14.125,0.0,3.729161024093628,-0.6574157476425171,-3.729161024093628,False,False,trace,normale,1993,7,12,193,Phase_2_pleine,Pleine saison (Juillet-Aout),Kaffrine,Zone soudano-sahélienne,283.38007,0,moins_intense,Phase_2_pleine
1993-07-12,C0_moins_intense,1993-07-12_007_011,-14.625,14.125,0.9562544226646423,3.377357244491577,-0.4816058576107025,-2.421102821826935,False,False,trace,normale,1993,7,12,193,Phase_2_pleine,Pleine saison (Juillet-Aout),Kaffrine,Zone soudano-sahélienne,310.36865,0,moins_intense,Phase_2_pleine
1993-07-12,C0_moins_intense,1993-07-12_007_012,-14.375,14.125,0.0,3.588214874267578,-0.7626700401306152,-3.588214874267578,False,False,trace,normale,1993,7,12,193,Phase_2_pleine,Pleine saison (Juillet-Aout),Tambacounda,Zone soudano-sahélienne,337.3572,0,moins_intense,Phase_2_pleine
1993-07-12,C0_moins_intense,1993-07-12_007_013,-14.125,14.125,0.5482607483863831,3.557316303253174,-0.5949623584747314,-3.0090555548667908,False,False,trace,normale,1993,7,12,193,Phase_2_pleine,Pleine saison (Juillet-Aout),Tambacounda,Zone soudano-sahélienne,364.34576,0,moins_intense,Phase_2_pleine
1993-07-12,C0_moins_intense,1993-07-12_007_014,-13.875,14.125,3.092571496963501,2.931873083114624,0.03475537896156311,0.16069841384887695,False,False,faible,normale,1993,7,12,193,Phase_2_pleine,Pleine saison (Juillet-Aout),Tambacounda,Zone soudano-sahélienne,391.33438,0,moins_intense,Phase_2_pleine
1993-07-12,C0_moins_intense,1993-07-12_007_015,-13.625,14.125,4.672308921813965,3.1608500480651855,0.35808369517326355,1.5114588737487793,False,False,faible,normale,1993,7,12,193,Phase_2_pleine,Pleine saison (Juillet-Aout),Tambacounda,Zone soudano-sahélienne,418.32294,0,moins_intense,Phase_2_pleine
1993-07-12,C0_moins_intense,1993-07-12_007_016,-13.375,14.125,0.9262455701828003,3.644186019897461,-0.5701144933700562,-2.7179404497146606,False,False,trace,normale,1993,7,12,193,Phase_2_pleine,Pleine saison (Juillet-Aout),Tambacounda,Zone soudano-sahélienne,445.31152,0,moins_intense,Phase_2_pleine
1993-07-12,C0_moins_intense,1993-07-12_007_017,-13.125,14.125,0.0,3.7642393112182617,-0.7203096151351929,-3.7642393112182617,False,False,trace,normale,1993,7,12,193,Phase_2_pleine,Pleine saison (Juillet-Aout),Tambacounda,Zone soudano-sahélienne,472.30008,0,moins_intense,Phase_2_pleine
1993-07-12,C0_moins_intense,1993-07-12_007_018,-12.875,14.125,0.0,4.038425445556641,-0.7413334250450134,-4.038425445556641,False,False,trace,normale,1993,7,12,193,Phase_2_pleine,Pleine saison (Juillet-Aout),Tambacounda,Zone soudano-sahélienne,499.28867,0,moins_intense,Phase_2_pleine
1993-07-12,C0_moins_intense,1993-07-12_007_019,-12.625,14.125,1.2741602659225464,3.5105462074279785,-0.45777106285095215,-2.236385941505432,False,False,faible,normale,1993,7,12,193,Phase_2_pleine,Pleine saison (Juillet-Aout),Tambacounda,Zone soudano-sahélienne,526.2772,0,moins_intense,Phase_2_pleine
1993-07-12,C0_moins_intense,1993-07-12_007_020,-12.375,14.125,2.496797561645508,3.5634970664978027,-0.20969341695308685,-1.066699504852295,False,False,faible,normale,1993,7,12,193,Phase_2_pleine,Pleine saison (Juillet-Aout),Tambacounda,Zone soudano-sahélienne,553.2658,0,moins_intense,Phase_2_pleine
1993-07-12,C0_moins_intense,1993-07-12_007_021,-12.125,14.125,2.86936616897583,4.037970066070557,-0.2006457895040512,-1.1686038970947266,False,False,faible,normale,1993,7,12,193,Phase_2_pleine,Pleine saison (Juillet-Aout),Tambacounda,Zone soudano-sahélienne,580.2544,0,moins_intense,Phase_2_pleine
1993-07-12,C0_moins_intense,1993-07-12_008_002,-16.875,14.375,0.259237140417099,3.0293753147125244,-0.572746217250824,-2.7701381742954254,False,False,trace,normale,1993,7,12,193,Phase_2_pleine,Pleine saison (Juillet-Aout),Thiès,Zone soudano-sahélienne,67.39671,0,moins_intense,Phase_2_pleine
1993-07-12,C0_moins_intense,1993-07-12_008_003,-16.625,14.375,0.0,3.0640687942504883,-0.6854847073554993,-3.0640687942504883,False,False,trace,normale,1993,7,12,193,Phase_2_pleine,Pleine saison (Juillet-Aout),Fatick,Zone soudano-sahélienne,94.3554,0,moins_intense,Phase_2_pleine
1993-07-12,C0_moins_intense,1993-07-12_008_004,-16.375,14.375,0.0,2.9570071697235107,-0.619181752204895,-2.9570071697235107,False,False,trace,normale,1993,7,12,193,Phase_2_pleine,Pleine saison (Juillet-Aout),Diourbel,Zone soudano-sahélienne,121.314095,0,moins_intense,Phase_2_pleine
1993-07-12,C0_moins_intense,1993-07-12_008_005,-16.125,14.375,0.0,3.284390449523926,-0.6535831689834595,-3.284390449523926,False,False,trace,normale,1993,7,12,193,Phase_2_pleine,Pleine saison (Juillet-Aout),Diourbel,Zone soudano-sahélienne,148.27278,0,moins_intense,Phase_2_pleine
1993-07-12,C0_moins_intense,1993-07-12_008_006,-15.875,14.375,0.0,3.4702889919281006,-0.5987845063209534,-3.4702889919281006,False,False,trace,normale,1993,7,12,193,Phase_2_pleine,Pleine saison (Juillet-Aout),Diourbel,Zone soudano-sahélienne,175.23148,0,moins_intense,Phase_2_pleine
1993-07-12,C0_moins_intense,1993-07-12_008_007,-15.625,14.375,0.0,3.362259864807129,-0.5623728036880493,-3.362259864807129,False,False,trace,normale,1993,7,12,193,Phase_2_pleine,Pleine saison (Juillet-Aout),Kaolack,Zone soudano-sahélienne,202.19016,0,moins_intense,Phase_2_pleine
1993-07-12,C0_moins_intense,1993-07-12_008_008,-15.375,14.375,0.9969325065612793,3.167954444885254,-0.42832332849502563,-2.1710219383239746,False,False,trace,normale,1993,7,12,193,Phase_2_pleine,Pleine saison (Juillet-Aout),Kaffrine,Zone soudano-sahélienne,229.14883,0,moins_intense,Phase_2_pleine
1993-07-12,C0_moins_intense,1993-07-12_008_009,-15.125,14.375,0.1977422684431076,3.1521875858306885,-0.6058003306388855,-2.954445317387581,False,False,trace,normale,1993,7,12,193,Phase_2_pleine,Pleine saison (Juillet-Aout),Kaffrine,Zone soudano-sahélienne,256.10754,0,moins_intense,Phase_2_pleine
1993-07-12,C0_moins_intense,1993-07-12_008_010,-14.875,14.375,3.263406276702881,3.239699602127075,0.004619491286575794,0.023706674575805664,False,False,faible,normale,1993,7,12,193,Phase_2_pleine,Pleine saison (Juillet-Aout),Kaffrine,Zone soudano-sahélienne,283.06622,0,moins_intense,Phase_2_pleine
1993-07-12,C0_moins_intense,1993-07-12_008_011,-14.625,14.375,0.0,2.4744622707366943,-0.5509042143821716,-2.4744622707366943,False,False,trace,normale,1993,7,12,193,Phase_2_pleine,Pleine saison (Juillet-Aout),Kaffrine,Zone soudano-sahélienne,310.0249,0,moins_intense,Phase_2_pleine
1993-07-12,C0_moins_intense,1993-07-12_008_012,-14.375,14.375,0.0,2.150181531906128,-0.596408486366272,-2.150181531906128,False,False,trace,normale,1993,7,12,193,Phase_2_pleine,Pleine saison (Juillet-Aout),Tambacounda,Zone soudano-sahélienne,336.98358,0,moins_intense,Phase_2_pleine
1993-07-12,C0_moins_intense,1993-07-12_008_013,-14.125,14.375,2.770967721939087,2.5944862365722656,0.04472477734088898,0.1764814853668213,False,False,faible,normale,1993,7,12,193,Phase_2_pleine,Pleine saison (Juillet-Aout),Tambacounda,Zone soudano-sahélienne,363.94226,0,moins_intense,Phase_2_pleine
1993-07-12,C0_moins_intense,1993-07-12_008_014,-13.875,14.375,5.876833438873291,2.5894243717193604,0.8098867535591125,3.2874090671539307,False,False,moderee,normale,1993,7,12,193,Phase_2_pleine,Pleine saison (Juillet-Aout),Tambacounda,Zone soudano-sahélienne,390.90097,0,moins_intense,Phase_2_pleine
1993-07-12,C0_moins_intense,1993-07-12_008_015,-13.625,14.375,1.3758151531219482,2.513892889022827,-0.3115553855895996,-1.138077735900879,False,False,faible,normale,1993,7,12,193,Phase_2_pleine,Pleine saison (Juillet-Aout),Tambacounda,Zone soudano-sahélienne,417.85965,0,moins_intense,Phase_2_pleine
1993-07-12,C0_moins_intense,1993-07-12_008_016,-13.375,14.375,2.766975164413452,3.0224785804748535,-0.060055531561374664,-0.25550341606140137,False,False,faible,normale,1993,7,12,193,Phase_2_pleine,Pleine saison (Juillet-Aout),Tambacounda,Zone soudano-sahélienne,444.81833,0,moins_intense,Phase_2_pleine
1993-07-12,C0_moins_intense,1993-07-12_008_017,-13.125,14.375,1.4165661334991455,3.38034987449646,-0.43553346395492554,-1.9637837409973145,False,False,faible,normale,1993,7,12,193,Phase_2_pleine,Pleine saison (Juillet-Aout),Tambacounda,Zone soudano-sahélienne,471.777,0,moins_intense,Phase_2_pleine
1993-07-12,C0_moins_intense,1993-07-12_008_018,-12.875,14.375,4.327028751373291,3.7111117839813232,0.12243261933326721,0.6159169673919678,False,False,faible,normale,1993,7,12,193,Phase_2_pleine,Pleine saison (Juillet-Aout),Tambacounda,Zone soudano-sahélienne,498.7357,0,moins_intense,Phase_2_pleine
1993-07-12,C0_moins_intense,1993-07-12_008_019,-12.625,14.375,4.7323408126831055,3.624293804168701,0.22440926730632782,1.1080470085144043,False,False,faible,normale,1993,7,12,193,Phase_2_pleine,Pleine saison (Juillet-Aout),Tambacounda,Zone soudano-sahélienne,525.6944,0,moins_intense,Phase_2_pleine
1993-07-12,C0_moins_intense,1993-07-12_008_020,-12.375,14.375,4.5144147872924805,3.2819085121154785,0.24707245826721191,1.232506275177002,False,False,faible,normale,1993,7,12,193,Phase_2_pleine,Pleine saison (Juillet-Aout),Tambacounda,Zone soudano-sahélienne,552.6531,0,moins_intense,Phase_2_pleine
1993-07-12,C0_moins_intense,1993-07-12_009_001,-17.125,14.625,0.20241177082061768,1.8749241828918457,-0.45318344235420227,-1.672512412071228,False,False,trace,normale,1993,7,12,193,Phase_2_pleine,Pleine saison (Juillet-Aout),Dakar,Zone soudano-sahélienne,40.39242,0,moins_intense,Phase_2_pleine
1993-07-12,C0_moins_intense,1993-07-12_009_002,-16.875,14.625,0.0,2.180792808532715,-0.5544323921203613,-2.180792808532715,False,False,trace,normale,1993,7,12,193,Phase_2_pleine,Pleine saison (Juillet-Aout),Thiès,Zone soudano-sahélienne,67.3207,0,moins_intense,Phase_2_pleine
1993-07-12,C0_moins_intense,1993-07-12_009_003,-16.625,14.625,0.40154343843460083,2.77487850189209,-0.4933031499385834,-2.373335063457489,False,False,trace,normale,1993,7,12,193,Phase_2_pleine,Pleine saison (Juillet-Aout),Thiès,Zone soudano-sahélienne,94.248985,0,moins_intense,Phase_2_pleine
1993-07-12,C0_moins_intense,1993-07-12_009_004,-16.375,14.625,0.0,2.6247665882110596,-0.6059521436691284,-2.6247665882110596,False,False,trace,normale,1993,7,12,193,Phase_2_pleine,Pleine saison (Juillet-Aout),Diourbel,Zone soudano-sahélienne,121.17728,0,moins_intense,Phase_2_pleine
1993-07-12,C0_moins_intense,1993-07-12_009_005,-16.125,14.625,0.0,2.7073514461517334,-0.6220964789390564,-2.7073514461517334,False,False,trace,normale,1993,7,12,193,Phase_2_pleine,Pleine saison (Juillet-Aout),Diourbel,Zone soudano-sahélienne,148.10556,0,moins_intense,Phase_2_pleine
1993-07-12,C0_moins_intense,1993-07-12_009_006,-15.875,14.625,0.0,2.9845995903015137,-0.6265841126441956,-2.9845995903015137,False,False,trace,normale,1993,7,12,193,Phase_2_pleine,Pleine saison (Juillet-Aout),Diourbel,Zone soudano-sahélienne,175.03384,0,moins_intense,Phase_2_pleine
1993-07-12,C0_moins_intense,1993-07-12_009_007,-15.625,14.625,0.0,2.721296548843384,-0.6101478934288025,-2.721296548843384,False,False,trace,normale,1993,7,12,193,Phase_2_pleine,Pleine saison (Juillet-Aout),Kaffrine,Zone soudano-sahélienne,201.96213,0,moins_intense,Phase_2_pleine
1993-07-12,C0_moins_intense,1993-07-12_009_008,-15.375,14.625,0.0,3.1146328449249268,-0.5769490599632263,-3.1146328449249268,False,False,trace,normale,1993,7,12,193,Phase_2_pleine,Pleine saison (Juillet-Aout),Kaffrine,Zone soudano-sahélienne,228.8904,0,moins_intense,Phase_2_pleine
1993-07-12,C0_moins_intense,1993-07-12_009_009,-15.125,14.625,0.0,2.7826483249664307,-0.5311902165412903,-2.7826483249664307,False,False,trace,normale,1993,7,12,193,Phase_2_pleine,Pleine saison (Juillet-Aout),Kaffrine,Zone soudano-sahélienne,255.8187,0,moins_intense,Phase_2_pleine
1993-07-12,C0_moins_intense,1993-07-12_009_010,-14.875,14.625,0.0,2.581505060195923,-0.5064666867256165,-2.581505060195923,False,False,trace,normale,1993,7,12,193,Phase_2_pleine,Pleine saison (Juillet-Aout),Kaffrine,Zone soudano-sahélienne,282.74698,0,moins_intense,Phase_2_pleine
1993-07-12,C0_moins_intense,1993-07-12_009_011,-14.625,14.625,0.0,2.6056785583496094,-0.5340895652770996,-2.6056785583496094,False,False,trace,normale,1993,7,12,193,Phase_2_pleine,Pleine saison (Juillet-Aout),Kaffrine,Zone soudano-sahélienne,309.67526,0,moins_intense,Phase_2_pleine
1993-07-12,C0_moins_intense,1993-07-12_009_012,-14.375,14.625,0.0,2.224168539047241,-0.5388491749763489,-2.224168539047241,False,False,trace,normale,1993,7,12,193,Phase_2_pleine,Pleine saison (Juillet-Aout),Tambacounda,Zone soudano-sahélienne,336.60355,0,moins_intense,Phase_2_pleine
1993-07-12,C0_moins_intense,1993-07-12_009_013,-14.125,14.625,0.516635537147522,2.3946657180786133,-0.4586489796638489,-1.8780301809310913,False,False,trace,normale,1993,7,12,193,Phase_2_pleine,Pleine saison (Juillet-Aout),Tambacounda,Zone soudano-sahélienne,363.5318,0,moins_intense,Phase_2_pleine
1993-07-12,C0_moins_intense,1993-07-12_009_014,-13.875,14.625,0.28114593029022217,2.5620689392089844,-0.5730248093605042,-2.280923008918762,False,False,trace,normale,1993,7,12,193,Phase_2_pleine,Pleine saison (Juillet-Aout),Tambacounda,Zone soudano-sahélienne,390.4601,0,moins_intense,Phase_2_pleine
1993-07-12,C0_moins_intense,1993-07-12_009_015,-13.625,14.625,7.299631118774414,2.753901958465576,1.0964388847351074,4.545729160308838,False,False,moderee,humide,1993,7,12,193,Phase_2_pleine,Pleine saison (Juillet-Aout),Tambacounda,Zone soudano-sahélienne,417.38837,0,moins_intense,Phase_2_pleine
1993-07-12,C0_moins_intense,1993-07-12_009_016,-13.375,14.625,8.034032821655273,2.783778190612793,1.2907042503356934,5.2502546310424805,False,False,moderee,humide,1993,7,12,193,Phase_2_pleine,Pleine saison (Juillet-Aout),Tambacounda,Zone soudano-sahélienne,444.31668,0,moins_intense,Phase_2_pleine
1993-07-12,C0_moins_intense,1993-07-12_009_017,-13.125,14.625,4.833387851715088,2.9229321479797363,0.4100489914417267,1.9104557037353516,False,False,faible,normale,1993,7,12,193,Phase_2_pleine,Pleine saison (Juillet-Aout),Tambacounda,Zone soudano-sahélienne,471.24493,0,moins_intense,Phase_2_pleine
1993-07-12,C0_moins_intense,1993-07-12_009_018,-12.875,14.625,7.321897983551025,3.415318727493286,0.7709043622016907,3.9065792560577393,False,False,moderee,normale,1993,7,12,193,Phase_2_pleine,Pleine saison (Juillet-Aout),Tambacounda,Zone soudano-sahélienne,498.17322,0,moins_intense,Phase_2_pleine
1993-07-12,C0_moins_intense,1993-07-12_009_019,-12.625,14.625,4.795167446136475,2.7059946060180664,0.5170423984527588,2.089172840118408,False,False,faible,normale,1993,7,12,193,Phase_2_pleine,Pleine saison (Juillet-Aout),Tambacounda,Zone soudano-sahélienne,525.1015,0,moins_intense,Phase_2_pleine
1993-07-12,C0_moins_intense,1993-07-12_009_020,-12.375,14.625,4.116392612457275,2.2787227630615234,0.5407319068908691,1.837669849395752,False,False,faible,normale,1993,7,12,193,Phase_2_pleine,Pleine saison (Juillet-Aout),Tambacounda,Zone soudano-sahélienne,552.0298,0,moins_intense,Phase_2_pleine
1993-07-12,C0_moins_intense,1993-07-12_010_001,-17.125,14.875,2.2368311882019043,1.7116496562957764,0.14081251621246338,0.5251815319061279,False,False,faible,normale,1993,7,12,193,Phase_2_pleine,Pleine saison (Juillet-Aout),Thiès,Zone soudano-sahélienne,40.346046,0,moins_intense,Phase_2_pleine
1993-07-12,C0_moins_intense,1993-07-12_010_002,-16.875,14.875,1.0172243118286133,1.9848378896713257,-0.24491585791110992,-0.9676135778427124,False,False,faible,normale,1993,7,12,193,Phase_2_pleine,Pleine saison (Juillet-Aout),Thiès,Zone soudano-sahélienne,67.243416,0,moins_intense,Phase_2_pleine
1993-07-12,C0_moins_intense,1993-07-12_010_003,-16.625,14.875,0.0,2.531442403793335,-0.39317184686660767,-2.531442403793335,False,False,trace,normale,1993,7,12,193,Phase_2_pleine,Pleine saison (Juillet-Aout),Thiès,Zone soudano-sahélienne,94.14078,0,moins_intense,Phase_2_pleine
1993-07-12,C0_moins_intense,1993-07-12_010_004,-16.375,14.875,0.0,2.2399656772613525,-0.4983157813549042,-2.2399656772613525,False,False,trace,normale,1993,7,12,193,Phase_2_pleine,Pleine saison (Juillet-Aout),Diourbel,Zone soudano-sahélienne,121.03815,0,moins_intense,Phase_2_pleine
1993-07-12,C0_moins_intense,1993-07-12_010_005,-16.125,14.875,0.0,1.9436460733413696,-0.5012331008911133,-1.9436460733413696,False,False,trace,normale,1993,7,12,193,Phase_2_pleine,Pleine saison (Juillet-Aout),Diourbel,Zone soudano-sahélienne,147.93552,0,moins_intense,Phase_2_pleine
1993-07-12,C0_moins_intense,1993-07-12_010_006,-15.875,14.875,0.0,2.2987284660339355,-0.5546571612358093,-2.2987284660339355,False,False,trace,normale,1993,7,12,193,Phase_2_pleine,Pleine saison (Juillet-Aout),Diourbel,Zone soudano-sahélienne,174.83289,0,moins_intense,Phase_2_pleine
1993-07-12,C0_moins_intense,1993-07-12_010_007,-15.625,14.875,0.5142781734466553,2.521538496017456,-0.4460126757621765,-2.007260322570801,False,False,trace,normale,1993,7,12,193,Phase_2_pleine,Pleine saison (Juillet-Aout),Diourbel,Zone soudano-sahélienne,201.73026,0,moins_intense,Phase_2_pleine
1993-07-12,C0_moins_intense,1993-07-12_010_008,-15.375,14.875,0.6772229075431824,2.941518545150757,-0.43156278133392334,-2.2642956376075745,False,False,trace,normale,1993,7,12,193,Phase_2_pleine,Pleine saison (Juillet-Aout),Kaffrine,Zone soudano-sahélienne,228.62761,0,moins_intense,Phase_2_pleine
1993-07-12,C0_moins_intense,1993-07-12_010_009,-15.125,14.875,0.0,2.6547904014587402,-0.5242528319358826,-2.6547904014587402,False,False,trace,normale,1993,7,12,193,Phase_2_pleine,Pleine saison (Juillet-Aout),Kaffrine,Zone soudano-sahélienne,255.525,0,moins_intense,Phase_2_pleine
1993-07-12,C0_moins_intense,1993-07-12_010_010,-14.875,14.875,0.0,1.9296305179595947,-0.4263480305671692,-1.9296305179595947,False,False,trace,normale,1993,7,12,193,Phase_2_pleine,Pleine saison (Juillet-Aout),Kaffrine,Zone soudano-sahélienne,282.42233,0,moins_intense,Phase_2_pleine
1993-07-12,C0_moins_intense,1993-07-12_010_011,-14.625,14.875,0.0,1.844592809677124,-0.42300334572792053,-1.844592809677124,False,False,trace,normale,1993,7,12,193,Phase_2_pleine,Pleine saison (Juillet-Aout),Kaffrine,Zone soudano-sahélienne,309.31973,0,moins_intense,Phase_2_pleine
1993-07-12,C0_moins_intense,1993-07-12_010_012,-14.375,14.875,0.0,2.2354235649108887,-0.49895286560058594,-2.2354235649108887,False,False,trace,normale,1993,7,12,193,Phase_2_pleine,Pleine saison (Juillet-Aout),Tambacounda,Zone soudano-sahélienne,336.21707,0,moins_intense,Phase_2_pleine
1993-07-12,C0_moins_intense,1993-07-12_010_013,-14.125,14.875,0.0,2.212148427963257,-0.5083985328674316,-2.212148427963257,False,False,trace,normale,1993,7,12,193,Phase_2_pleine,Pleine saison (Juillet-Aout),Matam,Zone soudano-sahélienne,363.11444,0,moins_intense,Phase_2_pleine
1993-07-12,C0_moins_intense,1993-07-12_010_014,-13.875,14.875,2.829847812652588,2.407374143600464,0.08706431090831757,0.422473669052124,False,False,faible,normale,1993,7,12,193,Phase_2_pleine,Pleine saison (Juillet-Aout),Matam,Zone soudano-sahélienne,390.0118,0,moins_intense,Phase_2_pleine
1993-07-12,C0_moins_intense,1993-07-12_010_015,-13.625,14.875,13.660905838012695,2.8011934757232666,1.9383677244186401,10.859712362289429,False,False,moderee,humide,1993,7,12,193,Phase_2_pleine,Pleine saison (Juillet-Aout),Matam,Zone soudano-sahélienne,416.90918,0,moins_intense,Phase_2_pleine
1993-07-12,C0_moins_intense,1993-07-12_010_016,-13.375,14.875,15.621759414672852,2.468271255493164,2.531003475189209,13.153488159179688,True,False,moderee,tres humide,1993,7,12,193,Phase_2_pleine,Pleine saison (Juillet-Aout),Matam,Zone soudano-sahélienne,443.80655,0,moins_intense,Phase_2_pleine
1993-07-12,C0_moins_intense,1993-07-12_010_017,-13.125,14.875,7.752892017364502,2.6275975704193115,1.0177072286605835,5.12529444694519,False,False,moderee,humide,1993,7,12,193,Phase_2_pleine,Pleine saison (Juillet-Aout),Matam,Zone soudano-sahélienne,470.7039,0,moins_intense,Phase_2_pleine
1993-07-12,C0_moins_intense,1993-07-12_010_018,-12.875,14.875,9.271820068359375,3.066570997238159,1.2462188005447388,6.205249071121216,False,False,moderee,humide,1993,7,12,193,Phase_2_pleine,Pleine saison (Juillet-Aout),Matam,Zone soudano-sahélienne,497.60126,0,moins_intense,Phase_2_pleine
1993-07-12,C0_moins_intense,1993-07-12_010_019,-12.625,14.875,7.051023006439209,2.426697015762329,1.1018955707550049,4.62432599067688,False,False,moderee,humide,1993,7,12,193,Phase_2_pleine,Pleine saison (Juillet-Aout),Matam,Zone soudano-sahélienne,524.49866,0,moins_intense,Phase_2_pleine
1993-07-12,C0_moins_intense,1993-07-12_011_002,-16.875,15.125,0.24123767018318176,1.7482918500900269,-0.3363669514656067,-1.507054179906845,False,False,trace,normale,1993,7,12,193,Phase_2_pleine,Pleine saison (Juillet-Aout),Thiès,Zone soudano-sahélienne,67.16484,0,moins_intense,Phase_2_pleine
1993-07-12,C0_moins_intense,1993-07-12_011_003,-16.625,15.125,0.24122287333011627,2.259042263031006,-0.3377184569835663,-2.0178193897008896,False,False,trace,normale,1993,7,12,193,Phase_2_pleine,Pleine saison (Juillet-Aout),Thiès,Zone soudano-sahélienne,94.03078,0,moins_intense,Phase_2_pleine
1993-07-12,C0_moins_intense,1993-07-12_011_004,-16.375,15.125,0.0,2.3537826538085938,-0.3965393304824829,-2.3537826538085938,False,False,trace,normale,1993,7,12,193,Phase_2_pleine,Pleine saison (Juillet-Aout),Louga,Zone soudano-sahélienne,120.89671,0,moins_intense,Phase_2_pleine
1993-07-12,C0_moins_intense,1993-07-12_011_005,-16.125,15.125,0.566002368927002,2.7383034229278564,-0.3455570340156555,-2.1723010540008545,False,False,trace,normale,1993,7,12,193,Phase_2_pleine,Pleine saison (Juillet-Aout),Louga,Zone soudano-sahélienne,147.76265,0,moins_intense,Phase_2_pleine
1993-07-12,C0_moins_intense,1993-07-12_011_006,-15.875,15.125,1.3695048093795776,2.632761240005493,-0.25292959809303284,-1.2632564306259155,False,False,faible,normale,1993,7,12,193,Phase_2_pleine,Pleine saison (Juillet-Aout),Louga,Zone soudano-sahélienne,174.6286,0,moins_intense,Phase_2_pleine
1993-07-12,C0_moins_intense,1993-07-12_011_007,-15.625,15.125,4.099302291870117,2.685637950897217,0.28219911456108093,1.4136643409729004,False,False,faible,normale,1993,7,12,193,Phase_2_pleine,Pleine saison (Juillet-Aout),Louga,Zone soudano-sahélienne,201.49454,0,moins_intense,Phase_2_pleine
1993-07-12,C0_moins_intense,1993-07-12_011_008,-15.375,15.125,4.225201606750488,2.4785499572753906,0.36806097626686096,1.7466516494750977,False,False,faible,normale,1993,7,12,193,Phase_2_pleine,Pleine saison (Juillet-Aout),Louga,Zone soudano-sahélienne,228.36046,0,moins_intense,Phase_2_pleine
1993-07-12,C0_moins_intense,1993-07-12_011_009,-15.125,15.125,1.0330533981323242,2.7222602367401123,-0.3205491304397583,-1.689206838607788,False,False,faible,normale,1993,7,12,193,Phase_2_pleine,Pleine saison (Juillet-Aout),Kaffrine,Zone soudano-sahélienne,255.22641,0,moins_intense,Phase_2_pleine
1993-07-12,C0_moins_intense,1993-07-12_011_010,-14.875,15.125,0.41571128368377686,2.1615593433380127,-0.36722850799560547,-1.7458480596542358,False,False,trace,normale,1993,7,12,193,Phase_2_pleine,Pleine saison (Juillet-Aout),Kaffrine,Zone soudano-sahélienne,282.09235,0,moins_intense,Phase_2_pleine
1993-07-12,C0_moins_intense,1993-07-12_011_011,-14.625,15.125,0.42990967631340027,2.402301788330078,-0.39536765217781067,-1.9723921120166779,False,False,trace,normale,1993,7,12,193,Phase_2_pleine,Pleine saison (Juillet-Aout),Kaffrine,Zone soudano-sahélienne,308.95828,0,moins_intense,Phase_2_pleine
1993-07-12,C0_moins_intense,1993-07-12_011_012,-14.375,15.125,0.9378885626792908,2.3896689414978027,-0.29237180948257446,-1.451780378818512,False,False,trace,normale,1993,7,12,193,Phase_2_pleine,Pleine saison (Juillet-Aout),Matam,Zone soudano-sahélienne,335.82422,0,moins_intense,Phase_2_pleine
1993-07-12,C0_moins_intense,1993-07-12_011_013,-14.125,15.125,0.6965546607971191,2.0851237773895264,-0.2864737808704376,-1.3885691165924072,False,False,trace,normale,1993,7,12,193,Phase_2_pleine,Pleine saison (Juillet-Aout),Matam,Zone soudano-sahélienne,362.69012,0,moins_intense,Phase_2_pleine
1993-07-12,C0_moins_intense,1993-07-12_011_014,-13.875,15.125,5.645183563232422,2.1086084842681885,0.6594507694244385,3.5365750789642334,False,False,moderee,normale,1993,7,12,193,Phase_2_pleine,Pleine saison (Juillet-Aout),Matam,Zone soudano-sahélienne,389.5561,0,moins_intense,Phase_2_pleine
1993-07-12,C0_moins_intense,1993-07-12_011_015,-13.625,15.125,13.583195686340332,2.6748454570770264,1.7549512386322021,10.908350229263306,False,False,moderee,humide,1993,7,12,193,Phase_2_pleine,Pleine saison (Juillet-Aout),Matam,Zone soudano-sahélienne,416.42203,0,moins_intense,Phase_2_pleine
1993-07-12,C0_moins_intense,1993-07-12_011_016,-13.375,15.125,18.39127540588379,2.6190900802612305,2.8147692680358887,15.772185325622559,True,False,moderee,tres humide,1993,7,12,193,Phase_2_pleine,Pleine saison (Juillet-Aout),Matam,Zone soudano-sahélienne,443.28796,0,moins_intense,Phase_2_pleine
1993-07-12,C0_moins_intense,1993-07-12_011_017,-13.125,15.125,12.521267890930176,2.482997179031372,1.9553636312484741,10.038270711898804,False,False,moderee,humide,1993,7,12,193,Phase_2_pleine,Pleine saison (Juillet-Aout),Matam,Zone soudano-sahélienne,470.1539,0,moins_intense,Phase_2_pleine
1993-07-12,C0_moins_intense,1993-07-12_011_018,-12.875,15.125,14.879288673400879,2.499152898788452,2.4728331565856934,12.380135774612427,True,False,moderee,tres humide,1993,7,12,193,Phase_2_pleine,Pleine saison (Juillet-Aout),Matam,Zone soudano-sahélienne,497.0198,0,moins_intense,Phase_2_pleine
1993-07-12,C0_moins_intense,1993-07-12_012_003,-16.625,15.375,0.0,1.869377851486206,-0.37613964080810547,-1.869377851486206,False,False,trace,normale,1993,7,12,193,Phase_2_pleine,Pleine saison (Juillet-Aout),Louga,Zone soudano-sahélienne,93.91899,0,moins_intense,Phase_2_pleine
1993-07-12,C0_moins_intense,1993-07-12_012_004,-16.375,15.375,0.0,1.9438691139221191,-0.40023624897003174,-1.9438691139221191,False,False,trace,normale,1993,7,12,193,Phase_2_pleine,Pleine saison (Juillet-Aout),Louga,Zone soudano-sahélienne,120.75298,0,moins_intense,Phase_2_pleine
1993-07-12,C0_moins_intense,1993-07-12_012_005,-16.125,15.375,3.2767210006713867,2.1079680919647217,0.21892105042934418,1.168752908706665,False,False,faible,normale,1993,7,12,193,Phase_2_pleine,Pleine saison (Juillet-Aout),Louga,Zone soudano-sahélienne,147.58699,0,moins_intense,Phase_2_pleine
1993-07-12,C0_moins_intense,1993-07-12_012_006,-15.875,15.375,3.5422027111053467,2.3588316440582275,0.23925469815731049,1.1833710670471191,False,False,faible,normale,1993,7,12,193,Phase_2_pleine,Pleine saison (Juillet-Aout),Louga,Zone soudano-sahélienne,174.42099,0,moins_intense,Phase_2_pleine
1993-07-12,C0_moins_intense,1993-07-12_012_007,-15.625,15.375,3.2560536861419678,2.7224748134613037,0.08843865990638733,0.5335788726806641,False,False,faible,normale,1993,7,12,193,Phase_2_pleine,Pleine saison (Juillet-Aout),Louga,Zone soudano-sahélienne,201.25497,0,moins_intense,Phase_2_pleine
1993-07-12,C0_moins_intense,1993-07-12_012_008,-15.375,15.375,3.7143852710723877,2.3782405853271484,0.22866332530975342,1.3361446857452393,False,False,faible,normale,1993,7,12,193,Phase_2_pleine,Pleine saison (Juillet-Aout),Louga,Zone soudano-sahélienne,228.08896,0,moins_intense,Phase_2_pleine
1993-07-12,C0_moins_intense,1993-07-12_012_009,-15.125,15.375,1.7574371099472046,2.411646842956543,-0.10090145468711853,-0.6542097330093384,False,False,faible,normale,1993,7,12,193,Phase_2_pleine,Pleine saison (Juillet-Aout),Louga,Zone soudano-sahélienne,254.92297,0,moins_intense,Phase_2_pleine
1993-07-12,C0_moins_intense,1993-07-12_012_010,-14.875,15.375,0.4005722105503082,2.3060576915740967,-0.32384559512138367,-1.9054854810237885,False,False,trace,normale,1993,7,12,193,Phase_2_pleine,Pleine saison (Juillet-Aout),Louga,Zone soudano-sahélienne,281.75696,0,moins_intense,Phase_2_pleine
1993-07-12,C0_moins_intense,1993-07-12_012_011,-14.625,15.375,3.807619571685791,2.724060297012329,0.17718221247196198,1.083559274673462,False,False,faible,normale,1993,7,12,193,Phase_2_pleine,Pleine saison (Juillet-Aout),Matam,Zone soudano-sahélienne,308.59097,0,moins_intense,Phase_2_pleine
1993-07-12,C0_moins_intense,1993-07-12_012_012,-14.375,15.375,4.089409351348877,2.167149305343628,0.37321484088897705,1.922260046005249,False,False,faible,normale,1993,7,12,193,Phase_2_pleine,Pleine saison (Juillet-Aout),Matam,Zone soudano-sahélienne,335.42496,0,moins_intense,Phase_2_pleine
1993-07-12,C0_moins_intense,1993-07-12_012_013,-14.125,15.375,6.67717170715332,1.8471518754959106,1.0247265100479126,4.83001983165741,False,False,moderee,humide,1993,7,12,193,Phase_2_pleine,Pleine saison (Juillet-Aout),Matam,Zone soudano-sahélienne,362.25894,0,moins_intense,Phase_2_pleine
1993-07-12,C0_moins_intense,1993-07-12_012_014,-13.875,15.375,11.497588157653809,1.646659016609192,2.2706730365753174,9.850929141044617,True,False,moderee,tres humide,1993,7,12,193,Phase_2_pleine,Pleine saison (Juillet-Aout),Matam,Zone soudano-sahélienne,389.09296,0,moins_intense,Phase_2_pleine
1993-07-12,C0_moins_intense,1993-07-12_012_015,-13.625,15.375,13.083038330078125,2.112482786178589,2.002629518508911,10.970555543899536,True,False,moderee,tres humide,1993,7,12,193,Phase_2_pleine,Pleine saison (Juillet-Aout),Matam,Zone soudano-sahélienne,415.92694,0,moins_intense,Phase_2_pleine
1993-07-12,C0_moins_intense,1993-07-12_012_016,-13.375,15.375,14.674683570861816,2.02347731590271,2.7828707695007324,12.651206254959106,True,False,moderee,tres humide,1993,7,12,193,Phase_2_pleine,Pleine saison (Juillet-Aout),Matam,Zone soudano-sahélienne,442.76096,0,moins_intense,Phase_2_pleine
1993-07-12,C0_moins_intense,1993-07-12_012_017,-13.125,15.375,11.694440841674805,1.8320562839508057,2.373838424682617,9.862384557723999,True,False,moderee,tres humide,1993,7,12,193,Phase_2_pleine,Pleine saison (Juillet-Aout),Matam,Zone soudano-sahélienne,469.59494,0,moins_intense,Phase_2_pleine
1993-07-12,C0_moins_intense,1993-07-12_013_004,-16.375,15.625,0.4239363968372345,1.6915087699890137,-0.26413801312446594,-1.2675723731517792,False,False,trace,normale,1993,7,12,193,Phase_2_pleine,Pleine saison (Juillet-Aout),Saint-Louis,Zone sahélienne,120.60696,0,moins_intense,Phase_2_pleine
1993-07-12,C0_moins_intense,1993-07-12_013_005,-16.125,15.625,2.7554757595062256,1.790915608406067,0.19867706298828125,0.9645601511001587,False,False,faible,normale,1993,7,12,193,Phase_2_pleine,Pleine saison (Juillet-Aout),Saint-Louis,Zone sahélienne,147.40851,0,moins_intense,Phase_2_pleine
1993-07-12,C0_moins_intense,1993-07-12_013_006,-15.875,15.625,3.0665152072906494,2.165248394012451,0.1599854826927185,0.9012668132781982,False,False,faible,normale,1993,7,12,193,Phase_2_pleine,Pleine saison (Juillet-Aout),Saint-Louis,Zone sahélienne,174.21005,0,moins_intense,Phase_2_pleine
1993-07-12,C0_moins_intense,1993-07-12_013_007,-15.625,15.625,2.011796474456787,2.0379695892333984,-0.0048892917111516,-0.026173114776611328,False,False,faible,normale,1993,7,12,193,Phase_2_pleine,Pleine saison (Juillet-Aout),Saint-Louis,Zone sahélienne,201.0116,0,moins_intense,Phase_2_pleine
1993-07-12,C0_moins_intense,1993-07-12_013_008,-15.375,15.625,0.6265925765037537,2.190305471420288,-0.23309563100337982,-1.5637128949165344,False,False,trace,normale,1993,7,12,193,Phase_2_pleine,Pleine saison (Juillet-Aout),Louga,Zone sahélienne,227.81313,0,moins_intense,Phase_2_pleine
1993-07-12,C0_moins_intense,1993-07-12_013_009,-15.125,15.625,0.309016615152359,2.238337516784668,-0.27924031019210815,-1.929320901632309,False,False,trace,normale,1993,7,12,193,Phase_2_pleine,Pleine saison (Juillet-Aout),Louga,Zone sahélienne,254.6147,0,moins_intense,Phase_2_pleine
1993-07-12,C0_moins_intense,1993-07-12_013_010,-14.875,15.625,0.7478344440460205,2.2431719303131104,-0.2350710928440094,-1.4953374862670898,False,False,trace,normale,1993,7,12,193,Phase_2_pleine,Pleine saison (Juillet-Aout),Louga,Zone sahélienne,281.41623,0,moins_intense,Phase_2_pleine
1993-07-12,C0_moins_intense,1993-07-12_013_011,-14.625,15.625,3.77833890914917,2.440077781677246,0.20562756061553955,1.3382611274719238,False,False,faible,normale,1993,7,12,193,Phase_2_pleine,Pleine saison (Juillet-Aout),Matam,Zone sahélienne,308.21777,0,moins_intense,Phase_2_pleine
1993-07-12,C0_moins_intense,1993-07-12_013_012,-14.375,15.625,4.147097587585449,2.341683864593506,0.30969303846359253,1.8054137229919434,False,False,faible,normale,1993,7,12,193,Phase_2_pleine,Pleine saison (Juillet-Aout),Matam,Zone sahélienne,335.01932,0,moins_intense,Phase_2_pleine
1993-07-12,C0_moins_intense,1993-07-12_013_013,-14.125,15.625,11.0281982421875,1.6832435131072998,1.9403520822525024,9.3449547290802,False,False,moderee,humide,1993,7,12,193,Phase_2_pleine,Pleine saison (Juillet-Aout),Matam,Zone sahélienne,361.82086,0,moins_intense,Phase_2_pleine
1993-07-12,C0_moins_intense,1993-07-12_013_014,-13.875,15.625,13.325102806091309,1.6649526357650757,2.805819511413574,11.660150170326233,True,False,moderee,tres humide,1993,7,12,193,Phase_2_pleine,Pleine saison (Juillet-Aout),Matam,Zone sahélienne,388.6224,0,moins_intense,Phase_2_pleine
1993-07-12,C0_moins_intense,1993-07-12_013_015,-13.625,15.625,11.23413372039795,1.611566185951233,2.3234341144561768,9.622567534446716,True,False,moderee,tres humide,1993,7,12,193,Phase_2_pleine,Pleine saison (Juillet-Aout),Matam,Zone sahélienne,415.42395,0,moins_intense,Phase_2_pleine
1993-07-12,C0_moins_intense,1993-07-12_013_016,-13.375,15.625,10.406429290771484,1.952020525932312,1.973775863647461,8.454408764839172,False,False,moderee,humide,1993,7,12,193,Phase_2_pleine,Pleine saison (Juillet-Aout),Matam,Zone sahélienne,442.22552,0,moins_intense,Phase_2_pleine
1993-07-12,C0_moins_intense,1993-07-12_014_004,-16.375,15.875,0.0,1.3740811347961426,-0.3000413179397583,-1.3740811347961426,False,False,trace,normale,1993,7,12,193,Phase_2_pleine,Pleine saison (Juillet-Aout),Saint-Louis,Zone sahélienne,120.45863,0,moins_intense,Phase_2_pleine
1993-07-12,C0_moins_intense,1993-07-12_014_005,-16.125,15.875,0.33818382024765015,1.4550683498382568,-0.21911655366420746,-1.1168845295906067,False,False,trace,normale,1993,7,12,193,Phase_2_pleine,Pleine saison (Juillet-Aout),Saint-Louis,Zone sahélienne,147.22722,0,moins_intense,Phase_2_pleine
1993-07-12,C0_moins_intense,1993-07-12_014_006,-15.875,15.875,1.245293378829956,1.5013657808303833,-0.05279773473739624,-0.25607240200042725,False,False,faible,normale,1993,7,12,193,Phase_2_pleine,Pleine saison (Juillet-Aout),Saint-Louis,Zone sahélienne,173.9958,0,moins_intense,Phase_2_pleine
1993-07-12,C0_moins_intense,1993-07-12_014_007,-15.625,15.875,0.4536687135696411,2.003610372543335,-0.22669073939323425,-1.5499416589736938,False,False,trace,normale,1993,7,12,193,Phase_2_pleine,Pleine saison (Juillet-Aout),Saint-Louis,Zone sahélienne,200.76439,0,moins_intense,Phase_2_pleine
1993-07-12,C0_moins_intense,1993-07-12_014_008,-15.375,15.875,0.0,2.2018866539001465,-0.2935734987258911,-2.2018866539001465,False,False,trace,normale,1993,7,12,193,Phase_2_pleine,Pleine saison (Juillet-Aout),Louga,Zone sahélienne,227.53297,0,moins_intense,Phase_2_pleine
1993-07-12,C0_moins_intense,1993-07-12_014_009,-15.125,15.875,0.0,2.1143150329589844,-0.32380473613739014,-2.1143150329589844,False,False,trace,normale,1993,7,12,193,Phase_2_pleine,Pleine saison (Juillet-Aout),Louga,Zone sahélienne,254.30157,0,moins_intense,Phase_2_pleine
1993-07-12,C0_moins_intense,1993-07-12_014_010,-14.875,15.875,0.0,2.034111738204956,-0.34232982993125916,-2.034111738204956,False,False,trace,normale,1993,7,12,193,Phase_2_pleine,Pleine saison (Juillet-Aout),Louga,Zone sahélienne,281.07013,0,moins_intense,Phase_2_pleine
1993-07-12,C0_moins_intense,1993-07-12_014_011,-14.625,15.875,0.0,2.273902654647827,-0.3776213824748993,-2.273902654647827,False,False,trace,normale,1993,7,12,193,Phase_2_pleine,Pleine saison (Juillet-Aout),Matam,Zone sahélienne,307.83875,0,moins_intense,Phase_2_pleine
1993-07-12,C0_moins_intense,1993-07-12_014_012,-14.375,15.875,0.0,1.9777929782867432,-0.37923547625541687,-1.9777929782867432,False,False,trace,normale,1993,7,12,193,Phase_2_pleine,Pleine saison (Juillet-Aout),Matam,Zone sahélienne,334.60733,0,moins_intense,Phase_2_pleine
1993-07-12,C0_moins_intense,1993-07-12_014_013,-14.125,15.875,4.677748203277588,1.3488596677780151,0.7984372973442078,3.3288885354995728,False,False,faible,normale,1993,7,12,193,Phase_2_pleine,Pleine saison (Juillet-Aout),Matam,Zone sahélienne,361.3759,0,moins_intense,Phase_2_pleine
1993-07-12,C0_moins_intense,1993-07-12_014_014,-13.875,15.875,2.9989635944366455,1.1560897827148438,0.5485489368438721,1.8428738117218018,False,False,faible,normale,1993,7,12,193,Phase_2_pleine,Pleine saison (Juillet-Aout),Matam,Zone sahélienne,388.1445,0,moins_intense,Phase_2_pleine
1993-07-12,C0_moins_intense,1993-07-12_014_015,-13.625,15.875,4.749112129211426,1.290975570678711,1.028493046760559,3.458136558532715,False,False,faible,humide,1993,7,12,193,Phase_2_pleine,Pleine saison (Juillet-Aout),Matam,Zone sahélienne,414.91306,0,moins_intense,Phase_2_pleine
1993-07-12,C0_moins_intense,1993-07-12_014_016,-13.375,15.875,4.8326592445373535,1.2957953214645386,1.130990743637085,3.536863923072815,False,False,faible,humide,1993,7,12,193,Phase_2_pleine,Pleine saison (Juillet-Aout),Matam,Zone sahélienne,441.68167,0,moins_intense,Phase_2_pleine
1993-07-12,C0_moins_intense,1993-07-12_015_004,-16.375,16.125,0.0,1.4092884063720703,-0.2794031500816345,-1.4092884063720703,False,False,trace,normale,1993,7,12,193,Phase_2_pleine,Pleine saison (Juillet-Aout),Saint-Louis,Zone sahélienne,120.308014,0,moins_intense,Phase_2_pleine
1993-07-12,C0_moins_intense,1993-07-12_015_005,-16.125,16.125,0.0,1.518990397453308,-0.2692651152610779,-1.518990397453308,False,False,trace,normale,1993,7,12,193,Phase_2_pleine,Pleine saison (Juillet-Aout),Saint-Louis,Zone sahélienne,147.04314,0,moins_intense,Phase_2_pleine
1993-07-12,C0_moins_intense,1993-07-12_015_006,-15.875,16.125,0.0,1.6431925296783447,-0.28625813126564026,-1.6431925296783447,False,False,trace,normale,1993,7,12,193,Phase_2_pleine,Pleine saison (Juillet-Aout),Saint-Louis,Zone sahélienne,173.77824,0,moins_intense,Phase_2_pleine
1993-07-12,C0_moins_intense,1993-07-12_015_007,-15.625,16.125,0.0,1.81480073928833,-0.2624080181121826,-1.81480073928833,False,False,trace,normale,1993,7,12,193,Phase_2_pleine,Pleine saison (Juillet-Aout),Saint-Louis,Zone sahélienne,200.51337,0,moins_intense,Phase_2_pleine
1993-07-12,C0_moins_intense,1993-07-12_015_008,-15.375,16.125,0.0,2.136772394180298,-0.271607905626297,-2.136772394180298,False,False,trace,normale,1993,7,12,193,Phase_2_pleine,Pleine saison (Juillet-Aout),Louga,Zone sahélienne,227.24846,0,moins_intense,Phase_2_pleine
1993-07-12,C0_moins_intense,1993-07-12_015_009,-15.125,16.125,1.3085012435913086,2.0220870971679688,-0.11750242859125137,-0.7135858535766602,False,False,faible,normale,1993,7,12,193,Phase_2_pleine,Pleine saison (Juillet-Aout),Louga,Zone sahélienne,253.9836,0,moins_intense,Phase_2_pleine
1993-07-12,C0_moins_intense,1993-07-12_015_010,-14.875,16.125,0.0,2.3373348712921143,-0.3578220307826996,-2.3373348712921143,False,False,trace,normale,1993,7,12,193,Phase_2_pleine,Pleine saison (Juillet-Aout),Louga,Zone sahélienne,280.7187,0,moins_intense,Phase_2_pleine
1993-07-12,C0_moins_intense,1993-07-12_015_011,-14.625,16.125,1.395432710647583,2.4057424068450928,-0.16406205296516418,-1.0103096961975098,False,False,faible,normale,1993,7,12,193,Phase_2_pleine,Pleine saison (Juillet-Aout),Matam,Zone sahélienne,307.45383,0,moins_intense,Phase_2_pleine
1993-07-12,C0_moins_intense,1993-07-12_015_012,-14.375,16.125,0.17998722195625305,2.3856706619262695,-0.37927255034446716,-2.2056834399700165,False,False,trace,normale,1993,7,12,193,Phase_2_pleine,Pleine saison (Juillet-Aout),Matam,Zone sahélienne,334.18893,0,moins_intense,Phase_2_pleine
1993-07-12,C0_moins_intense,1993-07-12_015_013,-14.125,16.125,4.703515529632568,1.6141234636306763,0.7094723582267761,3.089392066001892,False,False,faible,normale,1993,7,12,193,Phase_2_pleine,Pleine saison (Juillet-Aout),Matam,Zone sahélienne,360.92404,0,moins_intense,Phase_2_pleine
1993-07-12,C0_moins_intense,1993-07-12_015_014,-13.875,16.125,0.9974545240402222,0.9918476343154907,0.0018705687252804637,0.005606889724731445,False,False,trace,normale,1993,7,12,193,Phase_2_pleine,Pleine saison (Juillet-Aout),Matam,Zone sahélienne,387.65915,0,moins_intense,Phase_2_pleine
1993-07-12,C0_moins_intense,1993-07-12_016_005,-16.125,16.375,1.4499850273132324,1.1867656707763672,0.060197122395038605,0.26321935653686523,False,False,faible,normale,1993,7,12,193,Phase_2_pleine,Pleine saison (Juillet-Aout),Saint-Louis,Zone sahélienne,146.85623,0,moins_intense,Phase_2_pleine
1993-07-12,C0_moins_intense,1993-07-12_016_006,-15.875,16.375,0.0,1.243001937866211,-0.2752968966960907,-1.243001937866211,False,False,trace,normale,1993,7,12,193,Phase_2_pleine,Pleine saison (Juillet-Aout),Saint-Louis,Zone sahélienne,173.55737,0,moins_intense,Phase_2_pleine
1993-07-12,C0_moins_intense,1993-07-12_016_007,-15.625,16.375,0.0,1.5588393211364746,-0.26389625668525696,-1.5588393211364746,False,False,trace,normale,1993,7,12,193,Phase_2_pleine,Pleine saison (Juillet-Aout),Saint-Louis,Zone sahélienne,200.25851,0,moins_intense,Phase_2_pleine
1993-07-12,C0_moins_intense,1993-07-12_016_008,-15.375,16.375,1.1546080112457275,1.6925561428070068,-0.09526611864566803,-0.5379481315612793,False,False,faible,normale,1993,7,12,193,Phase_2_pleine,Pleine saison (Juillet-Aout),Louga,Zone sahélienne,226.95963,0,moins_intense,Phase_2_pleine
1993-07-12,C0_moins_intense,1993-07-12_016_009,-15.125,16.375,1.5253733396530151,1.762559175491333,-0.04244774207472801,-0.23718583583831787,False,False,faible,normale,1993,7,12,193,Phase_2_pleine,Pleine saison (Juillet-Aout),Louga,Zone sahélienne,253.66078,0,moins_intense,Phase_2_pleine
1993-07-12,C0_moins_intense,1993-07-12_016_010,-14.875,16.375,0.847821831703186,1.9603729248046875,-0.20217140018939972,-1.1125510931015015,False,False,trace,normale,1993,7,12,193,Phase_2_pleine,Pleine saison (Juillet-Aout),Louga,Zone sahélienne,280.3619,0,moins_intense,Phase_2_pleine
1993-07-12,C0_moins_intense,1993-07-12_016_011,-14.625,16.375,2.8109254837036133,2.2618067264556885,0.08817050606012344,0.5491187572479248,False,False,faible,normale,1993,7,12,193,Phase_2_pleine,Pleine saison (Juillet-Aout),Matam,Zone sahélienne,307.06305,0,moins_intense,Phase_2_pleine
1993-07-12,C0_moins_intense,1993-07-12_016_012,-14.375,16.375,2.2357420921325684,2.014371395111084,0.04151897132396698,0.22137069702148438,False,False,faible,normale,1993,7,12,193,Phase_2_pleine,Pleine saison (Juillet-Aout),Matam,Zone sahélienne,333.76416,0,moins_intense,Phase_2_pleine
1993-07-12,C0_moins_intense,1993-07-12_016_013,-14.125,16.375,1.7924951314926147,1.5808759927749634,0.0439922958612442,0.21161913871765137,False,False,faible,normale,1993,7,12,193,Phase_2_pleine,Pleine saison (Juillet-Aout),Matam,Zone sahélienne,360.4653,0,moins_intense,Phase_2_pleine
1993-07-12,C0_moins_intense,1993-07-12_017_010,-14.875,16.625,4.42160177230835,1.330143928527832,0.7480264902114868,3.0914578437805176,False,False,faible,normale,1993,7,12,193,Phase_2_pleine,Pleine saison (Juillet-Aout),Louga,Zone sahélienne,279.9998,0,moins_intense,Phase_2_pleine
1993-07-12,C0_moins_intense,1993-07-12_017_011,-14.625,16.625,3.0194876194000244,1.3405784368515015,0.41853493452072144,1.678909182548523,False,False,faible,normale,1993,7,12,193,Phase_2_pleine,Pleine saison (Juillet-Aout),Matam,Zone sahélienne,306.66644,0,moins_intense,Phase_2_pleine
1993-07-12,C0_moins_intense,1993-07-12_017_012,-14.375,16.625,1.190945029258728,1.2932006120681763,-0.028359221294522285,-0.10225558280944824,False,False,faible,normale,1993,7,12,193,Phase_2_pleine,Pleine saison (Juillet-Aout),Matam,Zone sahélienne,333.33307,0,moins_intense,Phase_2_pleine
1986-07-10,C0_plus_grande_couverture,1986-07-10_000_003,-16.625,12.375,23.290409088134766,10.212721824645996,0.9509486556053162,13.07768726348877,False,True,forte,normale,1986,7,10,191,Phase_2_pleine,Pleine saison (Juillet-Aout),Ziguinchor,Zone soudanienne,95.14188,0,plus_grande_couverture,Phase_2_pleine
1986-07-10,C0_plus_grande_couverture,1986-07-10_000_004,-16.375,12.375,32.786136627197266,11.058658599853516,1.5900100469589233,21.72747802734375,False,True,forte,humide,1986,7,10,191,Phase_2_pleine,Pleine saison (Juillet-Aout),Ziguinchor,Zone soudanienne,122.32527,0,plus_grande_couverture,Phase_2_pleine
1986-07-10,C0_plus_grande_couverture,1986-07-10_000_020,-12.375,12.375,17.693845748901367,8.249279975891113,1.185881495475769,9.444565773010254,False,False,moderee,humide,1986,7,10,191,Phase_2_pleine,Pleine saison (Juillet-Aout),Kédougou,Zone soudanienne,557.2596,0,plus_grande_couverture,Phase_2_pleine
1986-07-10,C0_plus_grande_couverture,1986-07-10_001_003,-16.625,12.625,23.028186798095703,10.114009857177734,0.9988097548484802,12.914176940917969,False,True,forte,normale,1986,7,10,191,Phase_2_pleine,Pleine saison (Juillet-Aout),Ziguinchor,Zone soudanienne,95.04989,0,plus_grande_couverture,Phase_2_pleine
1986-07-10,C0_plus_grande_couverture,1986-07-10_001_004,-16.375,12.625,28.673734664916992,9.934587478637695,1.4855964183807373,18.739147186279297,False,True,forte,humide,1986,7,10,191,Phase_2_pleine,Pleine saison (Juillet-Aout),Ziguinchor,Zone soudanienne,122.20701,0,plus_grande_couverture,Phase_2_pleine
1986-07-10,C0_plus_grande_couverture,1986-07-10_001_005,-16.125,12.625,29.808578491210938,8.950858116149902,1.862723469734192,20.857720375061035,False,True,forte,humide,1986,7,10,191,Phase_2_pleine,Pleine saison (Juillet-Aout),Sédhiou,Zone soudanienne,149.36412,0,plus_grande_couverture,Phase_2_pleine
1986-07-10,C0_plus_grande_couverture,1986-07-10_001_006,-15.875,12.625,25.463693618774414,8.281834602355957,1.6813879013061523,17.181859016418457,False,True,forte,humide,1986,7,10,191,Phase_2_pleine,Pleine saison (Juillet-Aout),Sédhiou,Zone soudanienne,176.52124,0,plus_grande_couverture,Phase_2_pleine
1986-07-10,C0_plus_grande_couverture,1986-07-10_001_007,-15.625,12.625,22.64712905883789,7.989523887634277,1.6185616254806519,14.657605171203613,False,True,forte,humide,1986,7,10,191,Phase_2_pleine,Pleine saison (Juillet-Aout),Sédhiou,Zone soudanienne,203.67834,0,plus_grande_couverture,Phase_2_pleine
1986-07-10,C0_plus_grande_couverture,1986-07-10_001_008,-15.375,12.625,16.581214904785156,8.403522491455078,0.8902069926261902,8.177692413330078,False,False,moderee,normale,1986,7,10,191,Phase_2_pleine,Pleine saison (Juillet-Aout),Kolda,Zone soudanienne,230.83545,0,plus_grande_couverture,Phase_2_pleine
1986-07-10,C0_plus_grande_couverture,1986-07-10_001_018,-12.875,12.625,18.606630325317383,5.839034557342529,1.810884714126587,12.767595767974854,False,False,moderee,humide,1986,7,10,191,Phase_2_pleine,Pleine saison (Juillet-Aout),Kédougou,Zone soudanienne,502.40656,0,plus_grande_couverture,Phase_2_pleine
1986-07-10,C0_plus_grande_couverture,1986-07-10_001_019,-12.625,12.625,14.775160789489746,6.597934246063232,1.0578893423080444,8.177226543426514,False,False,moderee,humide,1986,7,10,191,Phase_2_pleine,Pleine saison (Juillet-Aout),Kédougou,Zone soudanienne,529.56366,0,plus_grande_couverture,Phase_2_pleine
1986-07-10,C0_plus_grande_couverture,1986-07-10_001_020,-12.375,12.625,16.61148452758789,7.268924236297607,1.0992332696914673,9.342560291290283,False,False,moderee,humide,1986,7,10,191,Phase_2_pleine,Pleine saison (Juillet-Aout),Kédougou,Zone soudanienne,556.7208,0,plus_grande_couverture,Phase_2_pleine
1986-07-10,C0_plus_grande_couverture,1986-07-10_001_021,-12.125,12.625,3.471661329269409,7.002595901489258,-0.4249129295349121,-3.5309345722198486,False,False,faible,normale,1986,7,10,191,Phase_2_pleine,Pleine saison (Juillet-Aout),Kédougou,Zone soudanienne,583.87787,0,plus_grande_couverture,Phase_2_pleine
1986-07-10,C0_plus_grande_couverture,1986-07-10_001_022,-11.875,12.625,0.0,6.153586387634277,-0.7798611521720886,-6.153586387634277,False,False,trace,normale,1986,7,10,191,Phase_2_pleine,Pleine saison (Juillet-Aout),Kédougou,Zone soudanienne,611.03503,0,plus_grande_couverture,Phase_2_pleine
1986-07-10,C0_plus_grande_couverture,1986-07-10_001_023,-11.625,12.625,0.0,6.963822364807129,-0.7929748296737671,-6.963822364807129,False,False,trace,normale,1986,7,10,191,Phase_2_pleine,Pleine saison (Juillet-Aout),Kédougou,Zone soudanienne,638.19214,0,plus_grande_couverture,Phase_2_pleine
1986-07-10,C0_plus_grande_couverture,1986-07-10_002_003,-16.625,12.875,23.340391159057617,10.049683570861816,1.0819512605667114,13.2907075881958,False,True,forte,humide,1986,7,10,191,Phase_2_pleine,Pleine saison (Juillet-Aout),Ziguinchor,Zone soudanienne,94.95609,0,plus_grande_couverture,Phase_2_pleine
1986-07-10,C0_plus_grande_couverture,1986-07-10_002_004,-16.375,12.875,24.979387283325195,8.293710708618164,1.6347969770431519,16.68567657470703,False,True,forte,humide,1986,7,10,191,Phase_2_pleine,Pleine saison (Juillet-Aout),Ziguinchor,Zone soudanienne,122.08641,0,plus_grande_couverture,Phase_2_pleine
1986-07-10,C0_plus_grande_couverture,1986-07-10_002_005,-16.125,12.875,26.257295608520508,7.911867141723633,1.8636950254440308,18.345428466796875,False,True,forte,humide,1986,7,10,191,Phase_2_pleine,Pleine saison (Juillet-Aout),Sédhiou,Zone soudanienne,149.21672,0,plus_grande_couverture,Phase_2_pleine
1986-07-10,C0_plus_grande_couverture,1986-07-10_002_006,-15.875,12.875,21.982799530029297,7.387984752655029,1.6905219554901123,14.594814777374268,False,True,forte,humide,1986,7,10,191,Phase_2_pleine,Pleine saison (Juillet-Aout),Sédhiou,Zone soudanienne,176.34703,0,plus_grande_couverture,Phase_2_pleine
1986-07-10,C0_plus_grande_couverture,1986-07-10_002_007,-15.625,12.875,10.756786346435547,6.798892498016357,0.5007680058479309,3.9578938484191895,False,False,moderee,normale,1986,7,10,191,Phase_2_pleine,Pleine saison (Juillet-Aout),Sédhiou,Zone soudanienne,203.47736,0,plus_grande_couverture,Phase_2_pleine
1986-07-10,C0_plus_grande_couverture,1986-07-10_002_008,-15.375,12.875,10.319660186767578,6.921017646789551,0.36717572808265686,3.3986425399780273,False,False,moderee,normale,1986,7,10,191,Phase_2_pleine,Pleine saison (Juillet-Aout),Kolda,Zone soudanienne,230.60765,0,plus_grande_couverture,Phase_2_pleine
1986-07-10,C0_plus_grande_couverture,1986-07-10_002_009,-15.125,12.875,11.225591659545898,7.030562877655029,0.4709378182888031,4.195028781890869,False,False,moderee,normale,1986,7,10,191,Phase_2_pleine,Pleine saison (Juillet-Aout),Kolda,Zone soudanienne,257.73798,0,plus_grande_couverture,Phase_2_pleine
1986-07-10,C0_plus_grande_couverture,1986-07-10_002_010,-14.875,12.875,30.77422523498535,7.810276985168457,2.415249824523926,22.963948249816895,True,True,forte,tres humide,1986,7,10,191,Phase_2_pleine,Pleine saison (Juillet-Aout),Kolda,Zone soudanienne,284.8683,0,plus_grande_couverture,Phase_2_pleine
1986-07-10,C0_plus_grande_couverture,1986-07-10_002_011,-14.625,12.875,37.48302459716797,7.753333568572998,3.1081526279449463,29.72969102859497,True,True,forte,exceptionnelle,1986,7,10,191,Phase_2_pleine,Pleine saison (Juillet-Aout),Kolda,Zone soudanienne,311.9986,0,plus_grande_couverture,Phase_2_pleine
1986-07-10,C0_plus_grande_couverture,1986-07-10_002_012,-14.375,12.875,33.30381774902344,6.5455827713012695,3.2140371799468994,26.758234977722168,True,True,forte,exceptionnelle,1986,7,10,191,Phase_2_pleine,Pleine saison (Juillet-Aout),Kolda,Zone soudanienne,339.1289,0,plus_grande_couverture,Phase_2_pleine
1986-07-10,C0_plus_grande_couverture,1986-07-10_002_013,-14.125,12.875,2.4788825511932373,5.08894157409668,-0.394082248210907,-2.6100590229034424,False,False,faible,normale,1986,7,10,191,Phase_2_pleine,Pleine saison (Juillet-Aout),Kolda,Zone soudanienne,366.25922,0,plus_grande_couverture,Phase_2_pleine
1986-07-10,C0_plus_grande_couverture,1986-07-10_002_014,-13.875,12.875,5.379729747772217,4.8396687507629395,0.08379032462835312,0.5400609970092773,False,False,moderee,normale,1986,7,10,191,Phase_2_pleine,Pleine saison (Juillet-Aout),Tambacounda,Zone soudanienne,393.38953,0,plus_grande_couverture,Phase_2_pleine
1986-07-10,C0_plus_grande_couverture,1986-07-10_002_015,-13.625,12.875,18.84661293029785,4.39422607421875,2.224595069885254,14.452386856079102,True,False,moderee,tres humide,1986,7,10,191,Phase_2_pleine,Pleine saison (Juillet-Aout),Tambacounda,Zone soudanienne,420.51984,0,plus_grande_couverture,Phase_2_pleine
1986-07-10,C0_plus_grande_couverture,1986-07-10_002_016,-13.375,12.875,18.500980377197266,4.070878505706787,2.5503339767456055,14.430101871490479,True,False,moderee,tres humide,1986,7,10,191,Phase_2_pleine,Pleine saison (Juillet-Aout),Tambacounda,Zone soudanienne,447.65018,0,plus_grande_couverture,Phase_2_pleine
1986-07-10,C0_plus_grande_couverture,1986-07-10_002_017,-13.125,12.875,17.832515716552734,4.4373698234558105,2.2166576385498047,13.395145893096924,True,False,moderee,tres humide,1986,7,10,191,Phase_2_pleine,Pleine saison (Juillet-Aout),Kédougou,Zone soudanienne,474.78046,0,plus_grande_couverture,Phase_2_pleine
1986-07-10,C0_plus_grande_couverture,1986-07-10_002_018,-12.875,12.875,13.269813537597656,4.786303520202637,1.3939980268478394,8.48351001739502,False,False,moderee,humide,1986,7,10,191,Phase_2_pleine,Pleine saison (Juillet-Aout),Kédougou,Zone soudanienne,501.91077,0,plus_grande_couverture,Phase_2_pleine
1986-07-10,C0_plus_grande_couverture,1986-07-10_002_019,-12.625,12.875,12.091872215270996,5.49125862121582,0.9333299994468689,6.600613594055176,False,False,moderee,normale,1986,7,10,191,Phase_2_pleine,Pleine saison (Juillet-Aout),Kédougou,Zone soudanienne,529.0411,0,plus_grande_couverture,Phase_2_pleine
1986-07-10,C0_plus_grande_couverture,1986-07-10_002_020,-12.375,12.875,4.559567451477051,5.739703178405762,-0.14910514652729034,-1.180135726928711,False,False,faible,normale,1986,7,10,191,Phase_2_pleine,Pleine saison (Juillet-Aout),Kédougou,Zone soudanienne,556.17145,0,plus_grande_couverture,Phase_2_pleine
1986-07-10,C0_plus_grande_couverture,1986-07-10_002_021,-12.125,12.875,0.0,5.325488090515137,-0.7404689788818359,-5.325488090515137,False,False,trace,normale,1986,7,10,191,Phase_2_pleine,Pleine saison (Juillet-Aout),Kédougou,Zone soudanienne,583.3017,0,plus_grande_couverture,Phase_2_pleine
1986-07-10,C0_plus_grande_couverture,1986-07-10_002_022,-11.875,12.875,0.0,5.755990505218506,-0.736716628074646,-5.755990505218506,False,False,trace,normale,1986,7,10,191,Phase_2_pleine,Pleine saison (Juillet-Aout),Kédougou,Zone soudanienne,610.432,0,plus_grande_couverture,Phase_2_pleine
1986-07-10,C0_plus_grande_couverture,1986-07-10_002_023,-11.625,12.875,0.0,5.70106840133667,-0.7381555438041687,-5.70106840133667,False,False,trace,normale,1986,7,10,191,Phase_2_pleine,Pleine saison (Juillet-Aout),Kédougou,Zone soudanienne,637.5624,0,plus_grande_couverture,Phase_2_pleine
1986-07-10,C0_plus_grande_couverture,1986-07-10_003_003,-16.625,13.125,26.483301162719727,7.0287346839904785,2.1758906841278076,19.454566478729248,True,True,forte,tres humide,1986,7,10,191,Phase_2_pleine,Pleine saison (Juillet-Aout),Ziguinchor,Zone soudanienne,94.86048,0,plus_grande_couverture,Phase_2_pleine
1986-07-10,C0_plus_grande_couverture,1986-07-10_003_004,-16.375,13.125,23.67831039428711,6.922982692718506,1.9092038869857788,16.755327701568604,False,True,forte,humide,1986,7,10,191,Phase_2_pleine,Pleine saison (Juillet-Aout),Ziguinchor,Zone soudanienne,121.96348,0,plus_grande_couverture,Phase_2_pleine
1986-07-10,C0_plus_grande_couverture,1986-07-10_003_005,-16.125,13.125,26.77499008178711,8.0049409866333,1.9356119632720947,18.77004909515381,False,True,forte,humide,1986,7,10,191,Phase_2_pleine,Pleine saison (Juillet-Aout),Sédhiou,Zone soudanienne,149.06648,0,plus_grande_couverture,Phase_2_pleine
1986-07-10,C0_plus_grande_couverture,1986-07-10_003_006,-15.875,13.125,27.001943588256836,6.76671028137207,2.419010877609253,20.235233306884766,True,True,forte,tres humide,1986,7,10,191,Phase_2_pleine,Pleine saison (Juillet-Aout),Sédhiou,Zone soudanienne,176.16948,0,plus_grande_couverture,Phase_2_pleine
1986-07-10,C0_plus_grande_couverture,1986-07-10_003_007,-15.625,13.125,14.086947441101074,6.003933906555176,1.1060642004013062,8.083013534545898,False,False,moderee,humide,1986,7,10,191,Phase_2_pleine,Pleine saison (Juillet-Aout),Sédhiou,Zone soudanienne,203.27248,0,plus_grande_couverture,Phase_2_pleine
1986-07-10,C0_plus_grande_couverture,1986-07-10_003_008,-15.375,13.125,1.8708606958389282,5.736606121063232,-0.488094687461853,-3.865745425224304,False,False,faible,normale,1986,7,10,191,Phase_2_pleine,Pleine saison (Juillet-Aout),Kolda,Zone soudanienne,230.37546,0,plus_grande_couverture,Phase_2_pleine
1986-07-10,C0_plus_grande_couverture,1986-07-10_003_009,-15.125,13.125,0.0,6.410886764526367,-0.7155971527099609,-6.410886764526367,False,False,trace,normale,1986,7,10,191,Phase_2_pleine,Pleine saison (Juillet-Aout),Kolda,Zone soudanienne,257.47845,0,plus_grande_couverture,Phase_2_pleine
1986-07-10,C0_plus_grande_couverture,1986-07-10_003_010,-14.875,13.125,2.285519599914551,6.618714809417725,-0.5157970786094666,-4.333195209503174,False,False,faible,normale,1986,7,10,191,Phase_2_pleine,Pleine saison (Juillet-Aout),Kolda,Zone soudanienne,284.58145,0,plus_grande_couverture,Phase_2_pleine
1986-07-10,C0_plus_grande_couverture,1986-07-10_003_011,-14.625,13.125,29.946273803710938,6.530661106109619,2.9461586475372314,23.41561269760132,True,True,forte,tres humide,1986,7,10,191,Phase_2_pleine,Pleine saison (Juillet-Aout),Kolda,Zone soudanienne,311.68445,0,plus_grande_couverture,Phase_2_pleine
1986-07-10,C0_plus_grande_couverture,1986-07-10_003_012,-14.375,13.125,6.730046272277832,5.263734817504883,0.22715097665786743,1.4663114547729492,False,False,moderee,normale,1986,7,10,191,Phase_2_pleine,Pleine saison (Juillet-Aout),Tambacounda,Zone soudanienne,338.78745,0,plus_grande_couverture,Phase_2_pleine
1986-07-10,C0_plus_grande_couverture,1986-07-10_003_013,-14.125,13.125,3.614414691925049,4.610082149505615,-0.15604928135871887,-0.9956674575805664,False,False,faible,normale,1986,7,10,191,Phase_2_pleine,Pleine saison (Juillet-Aout),Tambacounda,Zone soudanienne,365.89044,0,plus_grande_couverture,Phase_2_pleine
1986-07-10,C0_plus_grande_couverture,1986-07-10_003_014,-13.875,13.125,6.827337741851807,4.236996650695801,0.3979426622390747,2.590341091156006,False,False,moderee,normale,1986,7,10,191,Phase_2_pleine,Pleine saison (Juillet-Aout),Tambacounda,Zone soudanienne,392.99344,0,plus_grande_couverture,Phase_2_pleine
1986-07-10,C0_plus_grande_couverture,1986-07-10_003_015,-13.625,13.125,20.379295349121094,3.7662432193756104,2.6563384532928467,16.613052129745483,True,True,forte,tres humide,1986,7,10,191,Phase_2_pleine,Pleine saison (Juillet-Aout),Tambacounda,Zone soudanienne,420.09644,0,plus_grande_couverture,Phase_2_pleine
1986-07-10,C0_plus_grande_couverture,1986-07-10_003_016,-13.375,13.125,18.271015167236328,4.182629585266113,2.270318031311035,14.088385581970215,True,False,moderee,tres humide,1986,7,10,191,Phase_2_pleine,Pleine saison (Juillet-Aout),Tambacounda,Zone soudanienne,447.19943,0,plus_grande_couverture,Phase_2_pleine
1986-07-10,C0_plus_grande_couverture,1986-07-10_003_017,-13.125,13.125,13.447318077087402,4.294863700866699,1.608707070350647,9.152454376220703,False,False,moderee,humide,1986,7,10,191,Phase_2_pleine,Pleine saison (Juillet-Aout),Tambacounda,Zone soudanienne,474.30243,0,plus_grande_couverture,Phase_2_pleine
1986-07-10,C0_plus_grande_couverture,1986-07-10_003_018,-12.875,13.125,7.109067440032959,4.322234630584717,0.47291502356529236,2.786832809448242,False,False,moderee,normale,1986,7,10,191,Phase_2_pleine,Pleine saison (Juillet-Aout),Tambacounda,Zone soudanienne,501.4054,0,plus_grande_couverture,Phase_2_pleine
1986-07-10,C0_plus_grande_couverture,1986-07-10_003_019,-12.625,13.125,3.0787901878356934,4.589828014373779,-0.2441943734884262,-1.511037826538086,False,False,faible,normale,1986,7,10,191,Phase_2_pleine,Pleine saison (Juillet-Aout),Tambacounda,Zone soudanienne,528.5084,0,plus_grande_couverture,Phase_2_pleine
1986-07-10,C0_plus_grande_couverture,1986-07-10_003_020,-12.375,13.125,0.0,3.9486403465270996,-0.6540505886077881,-3.9486403465270996,False,False,trace,normale,1986,7,10,191,Phase_2_pleine,Pleine saison (Juillet-Aout),Tambacounda,Zone soudanienne,555.61145,0,plus_grande_couverture,Phase_2_pleine
1986-07-10,C0_plus_grande_couverture,1986-07-10_003_021,-12.125,13.125,0.0,4.194028377532959,-0.6351538300514221,-4.194028377532959,False,False,trace,normale,1986,7,10,191,Phase_2_pleine,Pleine saison (Juillet-Aout),Tambacounda,Zone soudanienne,582.71436,0,plus_grande_couverture,Phase_2_pleine
1986-07-10,C0_plus_grande_couverture,1986-07-10_003_022,-11.875,13.125,0.0,5.02840518951416,-0.7590583562850952,-5.02840518951416,False,False,trace,normale,1986,7,10,191,Phase_2_pleine,Pleine saison (Juillet-Aout),Tambacounda,Zone soudanienne,609.8174,0,plus_grande_couverture,Phase_2_pleine
1986-07-10,C0_plus_grande_couverture,1986-07-10_003_023,-11.625,13.125,0.0,4.8922834396362305,-0.7409810423851013,-4.8922834396362305,False,False,trace,normale,1986,7,10,191,Phase_2_pleine,Pleine saison (Juillet-Aout),Tambacounda,Zone soudanienne,636.9204,0,plus_grande_couverture,Phase_2_pleine
1986-07-10,C0_plus_grande_couverture,1986-07-10_004_009,-15.125,13.375,3.2550137042999268,5.418344974517822,-0.2908206284046173,-2.1633312702178955,False,False,faible,normale,1986,7,10,191,Phase_2_pleine,Pleine saison (Juillet-Aout),Kolda,Zone soudanienne,257.21408,0,plus_grande_couverture,Phase_2_pleine
1986-07-10,C0_plus_grande_couverture,1986-07-10_004_010,-14.875,13.375,0.0,5.551823616027832,-0.7479831576347351,-5.551823616027832,False,False,trace,normale,1986,7,10,191,Phase_2_pleine,Pleine saison (Juillet-Aout),Kolda,Zone soudanienne,284.2892,0,plus_grande_couverture,Phase_2_pleine
1986-07-10,C0_plus_grande_couverture,1986-07-10_004_015,-13.625,13.375,18.08209991455078,3.6309783458709717,2.4441237449645996,14.45112156867981,True,False,moderee,tres humide,1986,7,10,191,Phase_2_pleine,Pleine saison (Juillet-Aout),Tambacounda,Zone soudanienne,419.66504,0,plus_grande_couverture,Phase_2_pleine
1986-07-10,C0_plus_grande_couverture,1986-07-10_004_016,-13.375,13.375,9.589873313903809,3.230018138885498,1.2176300287246704,6.3598551750183105,False,False,moderee,humide,1986,7,10,191,Phase_2_pleine,Pleine saison (Juillet-Aout),Tambacounda,Zone soudanienne,446.7402,0,plus_grande_couverture,Phase_2_pleine
1986-07-10,C0_plus_grande_couverture,1986-07-10_004_017,-13.125,13.375,2.862358331680298,3.8761940002441406,-0.17360372841358185,-1.0138356685638428,False,False,faible,normale,1986,7,10,191,Phase_2_pleine,Pleine saison (Juillet-Aout),Tambacounda,Zone soudanienne,473.81537,0,plus_grande_couverture,Phase_2_pleine
1986-07-10,C0_plus_grande_couverture,1986-07-10_004_018,-12.875,13.375,0.0,3.8195858001708984,-0.6062723994255066,-3.8195858001708984,False,False,trace,normale,1986,7,10,191,Phase_2_pleine,Pleine saison (Juillet-Aout),Tambacounda,Zone soudanienne,500.89053,0,plus_grande_couverture,Phase_2_pleine
1986-07-10,C0_plus_grande_couverture,1986-07-10_004_019,-12.625,13.375,0.0,4.065140247344971,-0.6419243812561035,-4.065140247344971,False,False,trace,normale,1986,7,10,191,Phase_2_pleine,Pleine saison (Juillet-Aout),Tambacounda,Zone soudanienne,527.9657,0,plus_grande_couverture,Phase_2_pleine
1986-07-10,C0_plus_grande_couverture,1986-07-10_004_020,-12.375,13.375,0.0,4.187597751617432,-0.6828140020370483,-4.187597751617432,False,False,trace,normale,1986,7,10,191,Phase_2_pleine,Pleine saison (Juillet-Aout),Tambacounda,Zone soudanienne,555.0409,0,plus_grande_couverture,Phase_2_pleine
1986-07-10,C0_plus_grande_couverture,1986-07-10_004_021,-12.125,13.375,0.0,4.199112415313721,-0.650490939617157,-4.199112415313721,False,False,trace,normale,1986,7,10,191,Phase_2_pleine,Pleine saison (Juillet-Aout),Tambacounda,Zone soudanienne,582.116,0,plus_grande_couverture,Phase_2_pleine
1986-07-10,C0_plus_grande_couverture,1986-07-10_004_022,-11.875,13.375,0.0,4.306811332702637,-0.7405089139938354,-4.306811332702637,False,False,trace,normale,1986,7,10,191,Phase_2_pleine,Pleine saison (Juillet-Aout),Tambacounda,Zone soudanienne,609.19116,0,plus_grande_couverture,Phase_2_pleine
1986-07-10,C0_plus_grande_couverture,1986-07-10_004_023,-11.625,13.375,0.0,4.569033145904541,-0.6947226524353027,-4.569033145904541,False,False,trace,normale,1986,7,10,191,Phase_2_pleine,Pleine saison (Juillet-Aout),Tambacounda,Zone soudanienne,636.26636,0,plus_grande_couverture,Phase_2_pleine
1986-07-10,C0_plus_grande_couverture,1986-07-10_005_004,-16.375,13.625,23.563270568847656,4.307669162750244,3.207636594772339,19.255601406097412,True,True,forte,exceptionnelle,1986,7,10,191,Phase_2_pleine,Pleine saison (Juillet-Aout),Kaolack,Zone soudano-sahélienne,121.71068,0,plus_grande_couverture,Phase_2_pleine
1986-07-10,C0_plus_grande_couverture,1986-07-10_005_005,-16.125,13.625,26.169736862182617,4.373053073883057,3.240560293197632,21.79668378829956,True,True,forte,exceptionnelle,1986,7,10,191,Phase_2_pleine,Pleine saison (Juillet-Aout),Kaolack,Zone soudano-sahélienne,148.75749,0,plus_grande_couverture,Phase_2_pleine
1986-07-10,C0_plus_grande_couverture,1986-07-10_005_006,-15.875,13.625,22.6859073638916,4.363210678100586,2.9721124172210693,18.322696685791016,True,True,forte,tres humide,1986,7,10,191,Phase_2_pleine,Pleine saison (Juillet-Aout),Kaffrine,Zone soudano-sahélienne,175.80432,0,plus_grande_couverture,Phase_2_pleine
1986-07-10,C0_plus_grande_couverture,1986-07-10_005_007,-15.625,13.625,3.7031409740448,3.571653127670288,0.027974875643849373,0.13148784637451172,False,False,faible,normale,1986,7,10,191,Phase_2_pleine,Pleine saison (Juillet-Aout),Kaffrine,Zone soudano-sahélienne,202.85114,0,plus_grande_couverture,Phase_2_pleine
1986-07-10,C0_plus_grande_couverture,1986-07-10_005_012,-14.375,13.625,13.984291076660156,4.892764568328857,1.272628664970398,9.091526508331299,False,False,moderee,humide,1986,7,10,191,Phase_2_pleine,Pleine saison (Juillet-Aout),Tambacounda,Zone soudano-sahélienne,338.0852,0,plus_grande_couverture,Phase_2_pleine
1986-07-10,C0_plus_grande_couverture,1986-07-10_005_013,-14.125,13.625,23.589073181152344,4.452770709991455,2.8152105808258057,19.13630247116089,True,True,forte,tres humide,1986,7,10,191,Phase_2_pleine,Pleine saison (Juillet-Aout),Tambacounda,Zone soudano-sahélienne,365.13202,0,plus_grande_couverture,Phase_2_pleine
1986-07-10,C0_plus_grande_couverture,1986-07-10_005_014,-13.875,13.625,20.457735061645508,4.056309700012207,2.4130098819732666,16.4014253616333,True,True,forte,tres humide,1986,7,10,191,Phase_2_pleine,Pleine saison (Juillet-Aout),Tambacounda,Zone soudano-sahélienne,392.17886,0,plus_grande_couverture,Phase_2_pleine
1986-07-10,C0_plus_grande_couverture,1986-07-10_005_015,-13.625,13.625,13.78394889831543,3.8997881412506104,1.6205555200576782,9.88416075706482,False,False,moderee,humide,1986,7,10,191,Phase_2_pleine,Pleine saison (Juillet-Aout),Tambacounda,Zone soudano-sahélienne,419.22565,0,plus_grande_couverture,Phase_2_pleine
1986-07-10,C0_plus_grande_couverture,1986-07-10_005_016,-13.375,13.625,4.881069183349609,3.5491223335266113,0.22119194269180298,1.331946849822998,False,False,faible,normale,1986,7,10,191,Phase_2_pleine,Pleine saison (Juillet-Aout),Tambacounda,Zone soudano-sahélienne,446.2725,0,plus_grande_couverture,Phase_2_pleine
1986-07-10,C0_plus_grande_couverture,1986-07-10_005_017,-13.125,13.625,0.0,3.667556047439575,-0.6232516765594482,-3.667556047439575,False,False,trace,normale,1986,7,10,191,Phase_2_pleine,Pleine saison (Juillet-Aout),Tambacounda,Zone soudano-sahélienne,473.3193,0,plus_grande_couverture,Phase_2_pleine
1986-07-10,C0_plus_grande_couverture,1986-07-10_005_018,-12.875,13.625,0.0,3.806661605834961,-0.6535112857818604,-3.806661605834961,False,False,trace,normale,1986,7,10,191,Phase_2_pleine,Pleine saison (Juillet-Aout),Tambacounda,Zone soudano-sahélienne,500.3661,0,plus_grande_couverture,Phase_2_pleine
1986-07-10,C0_plus_grande_couverture,1986-07-10_005_019,-12.625,13.625,0.0,4.126965045928955,-0.6869454979896545,-4.126965045928955,False,False,trace,normale,1986,7,10,191,Phase_2_pleine,Pleine saison (Juillet-Aout),Tambacounda,Zone soudano-sahélienne,527.4129,0,plus_grande_couverture,Phase_2_pleine
1986-07-10,C0_plus_grande_couverture,1986-07-10_005_020,-12.375,13.625,0.0,3.9532392024993896,-0.6890436410903931,-3.9532392024993896,False,False,trace,normale,1986,7,10,191,Phase_2_pleine,Pleine saison (Juillet-Aout),Tambacounda,Zone soudano-sahélienne,554.4598,0,plus_grande_couverture,Phase_2_pleine
1986-07-10,C0_plus_grande_couverture,1986-07-10_005_021,-12.125,13.625,0.0,4.292741775512695,-0.7124435305595398,-4.292741775512695,False,False,trace,normale,1986,7,10,191,Phase_2_pleine,Pleine saison (Juillet-Aout),Tambacounda,Zone soudano-sahélienne,581.50653,0,plus_grande_couverture,Phase_2_pleine
1986-07-10,C0_plus_grande_couverture,1986-07-10_006_003,-16.625,13.875,40.497581481933594,4.507984638214111,4.633825302124023,35.98959684371948,True,True,forte,exceptionnelle,1986,7,10,191,Phase_2_pleine,Pleine saison (Juillet-Aout),Fatick,Zone soudano-sahélienne,94.562836,0,plus_grande_couverture,Phase_2_pleine
1986-07-10,C0_plus_grande_couverture,1986-07-10_006_004,-16.375,13.875,37.97962951660156,4.075554370880127,4.782859802246094,33.904075145721436,True,True,forte,exceptionnelle,1986,7,10,191,Phase_2_pleine,Pleine saison (Juillet-Aout),Fatick,Zone soudano-sahélienne,121.580795,0,plus_grande_couverture,Phase_2_pleine
1986-07-10,C0_plus_grande_couverture,1986-07-10_006_005,-16.125,13.875,29.740507125854492,3.7977330684661865,4.026976108551025,25.942774057388306,True,True,forte,exceptionnelle,1986,7,10,191,Phase_2_pleine,Pleine saison (Juillet-Aout),Fatick,Zone soudano-sahélienne,148.59875,0,plus_grande_couverture,Phase_2_pleine
1986-07-10,C0_plus_grande_couverture,1986-07-10_006_006,-15.875,13.875,37.04050827026367,4.027311325073242,4.527212619781494,33.01319694519043,True,True,forte,exceptionnelle,1986,7,10,191,Phase_2_pleine,Pleine saison (Juillet-Aout),Kaolack,Zone soudano-sahélienne,175.6167,0,plus_grande_couverture,Phase_2_pleine
1986-07-10,C0_plus_grande_couverture,1986-07-10_006_007,-15.625,13.875,3.585009813308716,4.102778434753418,-0.08764383941888809,-0.5177686214447021,False,False,faible,normale,1986,7,10,191,Phase_2_pleine,Pleine saison (Juillet-Aout),Kaolack,Zone soudano-sahélienne,202.63466,0,plus_grande_couverture,Phase_2_pleine
1986-07-10,C0_plus_grande_couverture,1986-07-10_006_008,-15.375,13.875,3.550297737121582,4.383700847625732,-0.1148846447467804,-0.8334031105041504,False,False,faible,normale,1986,7,10,191,Phase_2_pleine,Pleine saison (Juillet-Aout),Kaffrine,Zone soudano-sahélienne,229.6526,0,plus_grande_couverture,Phase_2_pleine
1986-07-10,C0_plus_grande_couverture,1986-07-10_006_009,-15.125,13.875,0.0,3.733546018600464,-0.5761877298355103,-3.733546018600464,False,False,trace,normale,1986,7,10,191,Phase_2_pleine,Pleine saison (Juillet-Aout),Kaffrine,Zone soudano-sahélienne,256.67056,0,plus_grande_couverture,Phase_2_pleine
1986-07-10,C0_plus_grande_couverture,1986-07-10_006_010,-14.875,13.875,33.58749008178711,4.859453201293945,3.570051908493042,28.728036880493164,True,True,forte,exceptionnelle,1986,7,10,191,Phase_2_pleine,Pleine saison (Juillet-Aout),Kaffrine,Zone soudano-sahélienne,283.6885,0,plus_grande_couverture,Phase_2_pleine
1986-07-10,C0_plus_grande_couverture,1986-07-10_006_011,-14.625,13.875,33.54624557495117,4.827182769775391,3.7396583557128906,28.71906280517578,True,True,forte,exceptionnelle,1986,7,10,191,Phase_2_pleine,Pleine saison (Juillet-Aout),Kaffrine,Zone soudano-sahélienne,310.70648,0,plus_grande_couverture,Phase_2_pleine
1986-07-10,C0_plus_grande_couverture,1986-07-10_006_012,-14.375,13.875,33.48516845703125,4.831700801849365,3.6052236557006836,28.653467655181885,True,True,forte,exceptionnelle,1986,7,10,191,Phase_2_pleine,Pleine saison (Juillet-Aout),Tambacounda,Zone soudano-sahélienne,337.72443,0,plus_grande_couverture,Phase_2_pleine
1986-07-10,C0_plus_grande_couverture,1986-07-10_006_013,-14.125,13.875,23.583755493164062,4.551113605499268,2.708085775375366,19.032641887664795,True,True,forte,tres humide,1986,7,10,191,Phase_2_pleine,Pleine saison (Juillet-Aout),Tambacounda,Zone soudano-sahélienne,364.74237,0,plus_grande_couverture,Phase_2_pleine
1986-07-10,C0_plus_grande_couverture,1986-07-10_006_014,-13.875,13.875,15.757098197937012,3.9000468254089355,1.8796852827072144,11.857051372528076,False,False,moderee,humide,1986,7,10,191,Phase_2_pleine,Pleine saison (Juillet-Aout),Tambacounda,Zone soudano-sahélienne,391.76035,0,plus_grande_couverture,Phase_2_pleine
1986-07-10,C0_plus_grande_couverture,1986-07-10_006_015,-13.625,13.875,12.2610502243042,4.004580020904541,1.2568657398223877,8.256470203399658,False,False,moderee,humide,1986,7,10,191,Phase_2_pleine,Pleine saison (Juillet-Aout),Tambacounda,Zone soudano-sahélienne,418.7783,0,plus_grande_couverture,Phase_2_pleine
1986-07-10,C0_plus_grande_couverture,1986-07-10_006_016,-13.375,13.875,2.8531105518341064,4.248374938964844,-0.1940499246120453,-1.3952643871307373,False,False,faible,normale,1986,7,10,191,Phase_2_pleine,Pleine saison (Juillet-Aout),Tambacounda,Zone soudano-sahélienne,445.79623,0,plus_grande_couverture,Phase_2_pleine
1986-07-10,C0_plus_grande_couverture,1986-07-10_006_017,-13.125,13.875,0.0,4.292196750640869,-0.6119383573532104,-4.292196750640869,False,False,trace,normale,1986,7,10,191,Phase_2_pleine,Pleine saison (Juillet-Aout),Tambacounda,Zone soudano-sahélienne,472.81418,0,plus_grande_couverture,Phase_2_pleine
1986-07-10,C0_plus_grande_couverture,1986-07-10_006_018,-12.875,13.875,0.0,4.130130767822266,-0.6071963906288147,-4.130130767822266,False,False,trace,normale,1986,7,10,191,Phase_2_pleine,Pleine saison (Juillet-Aout),Tambacounda,Zone soudano-sahélienne,499.83212,0,plus_grande_couverture,Phase_2_pleine
1986-07-10,C0_plus_grande_couverture,1986-07-10_006_019,-12.625,13.875,0.0,4.04152774810791,-0.5940739512443542,-4.04152774810791,False,False,trace,normale,1986,7,10,191,Phase_2_pleine,Pleine saison (Juillet-Aout),Tambacounda,Zone soudano-sahélienne,526.8501,0,plus_grande_couverture,Phase_2_pleine
1986-07-10,C0_plus_grande_couverture,1986-07-10_006_020,-12.375,13.875,0.0,3.8747689723968506,-0.6136963963508606,-3.8747689723968506,False,False,trace,normale,1986,7,10,191,Phase_2_pleine,Pleine saison (Juillet-Aout),Tambacounda,Zone soudano-sahélienne,553.86804,0,plus_grande_couverture,Phase_2_pleine
1986-07-10,C0_plus_grande_couverture,1986-07-10_006_021,-12.125,13.875,0.0,3.4666922092437744,-0.6897192001342773,-3.4666922092437744,False,False,trace,normale,1986,7,10,191,Phase_2_pleine,Pleine saison (Juillet-Aout),Tambacounda,Zone soudano-sahélienne,580.886,0,plus_grande_couverture,Phase_2_pleine
1986-07-10,C0_plus_grande_couverture,1986-07-10_007_003,-16.625,14.125,44.52308654785156,3.5321996212005615,5.372380256652832,40.990886926651,True,True,forte,exceptionnelle,1986,7,10,191,Phase_2_pleine,Pleine saison (Juillet-Aout),Fatick,Zone soudano-sahélienne,94.460014,0,plus_grande_couverture,Phase_2_pleine
1986-07-10,C0_plus_grande_couverture,1986-07-10_007_004,-16.375,14.125,41.594261169433594,3.6168134212493896,5.0976409912109375,37.977447748184204,True,True,forte,exceptionnelle,1986,7,10,191,Phase_2_pleine,Pleine saison (Juillet-Aout),Fatick,Zone soudano-sahélienne,121.44859,0,plus_grande_couverture,Phase_2_pleine
1986-07-10,C0_plus_grande_couverture,1986-07-10_007_005,-16.125,14.125,36.87958908081055,3.880863904953003,4.649023056030273,32.998725175857544,True,True,forte,exceptionnelle,1986,7,10,191,Phase_2_pleine,Pleine saison (Juillet-Aout),Fatick,Zone soudano-sahélienne,148.43718,0,plus_grande_couverture,Phase_2_pleine
1986-07-10,C0_plus_grande_couverture,1986-07-10_007_006,-15.875,14.125,30.462657928466797,3.6967928409576416,4.327415943145752,26.765865087509155,True,True,forte,exceptionnelle,1986,7,10,191,Phase_2_pleine,Pleine saison (Juillet-Aout),Kaolack,Zone soudano-sahélienne,175.42575,0,plus_grande_couverture,Phase_2_pleine
1986-07-10,C0_plus_grande_couverture,1986-07-10_007_007,-15.625,14.125,11.695616722106934,3.5241618156433105,1.5885065793991089,8.171454906463623,False,False,moderee,humide,1986,7,10,191,Phase_2_pleine,Pleine saison (Juillet-Aout),Kaolack,Zone soudano-sahélienne,202.41434,0,plus_grande_couverture,Phase_2_pleine
1986-07-10,C0_plus_grande_couverture,1986-07-10_007_008,-15.375,14.125,9.367668151855469,3.485542058944702,1.019517421722412,5.882126092910767,False,False,moderee,humide,1986,7,10,191,Phase_2_pleine,Pleine saison (Juillet-Aout),Kaffrine,Zone soudano-sahélienne,229.4029,0,plus_grande_couverture,Phase_2_pleine
1986-07-10,C0_plus_grande_couverture,1986-07-10_007_009,-15.125,14.125,1.1459426879882812,3.2656540870666504,-0.3824692666530609,-2.119711399078369,False,False,faible,normale,1986,7,10,191,Phase_2_pleine,Pleine saison (Juillet-Aout),Kaffrine,Zone soudano-sahélienne,256.39148,0,plus_grande_couverture,Phase_2_pleine
1986-07-10,C0_plus_grande_couverture,1986-07-10_007_010,-14.875,14.125,24.903738021850586,4.26792573928833,3.0453248023986816,20.635812282562256,True,True,forte,exceptionnelle,1986,7,10,191,Phase_2_pleine,Pleine saison (Juillet-Aout),Kaffrine,Zone soudano-sahélienne,283.38007,0,plus_grande_couverture,Phase_2_pleine
1986-07-10,C0_plus_grande_couverture,1986-07-10_007_011,-14.625,14.125,33.623748779296875,4.665828704833984,3.7726669311523438,28.95792007446289,True,True,forte,exceptionnelle,1986,7,10,191,Phase_2_pleine,Pleine saison (Juillet-Aout),Kaffrine,Zone soudano-sahélienne,310.36865,0,plus_grande_couverture,Phase_2_pleine
1986-07-10,C0_plus_grande_couverture,1986-07-10_007_012,-14.375,14.125,28.691669464111328,4.905406475067139,3.221526861190796,23.78626298904419,True,True,forte,exceptionnelle,1986,7,10,191,Phase_2_pleine,Pleine saison (Juillet-Aout),Tambacounda,Zone soudano-sahélienne,337.3572,0,plus_grande_couverture,Phase_2_pleine
1986-07-10,C0_plus_grande_couverture,1986-07-10_007_013,-14.125,14.125,19.014389038085938,4.34377908706665,2.0920801162719727,14.670609951019287,True,False,moderee,tres humide,1986,7,10,191,Phase_2_pleine,Pleine saison (Juillet-Aout),Tambacounda,Zone soudano-sahélienne,364.34576,0,plus_grande_couverture,Phase_2_pleine
1986-07-10,C0_plus_grande_couverture,1986-07-10_007_014,-13.875,14.125,12.923636436462402,3.424389123916626,1.6939852237701416,9.499247312545776,False,False,moderee,humide,1986,7,10,191,Phase_2_pleine,Pleine saison (Juillet-Aout),Tambacounda,Zone soudano-sahélienne,391.33438,0,plus_grande_couverture,Phase_2_pleine
1986-07-10,C0_plus_grande_couverture,1986-07-10_007_015,-13.625,14.125,9.550850868225098,3.1327826976776123,1.2509796619415283,6.418068170547485,False,False,moderee,humide,1986,7,10,191,Phase_2_pleine,Pleine saison (Juillet-Aout),Tambacounda,Zone soudano-sahélienne,418.32294,0,plus_grande_couverture,Phase_2_pleine
1986-07-10,C0_plus_grande_couverture,1986-07-10_007_016,-13.375,14.125,2.257941246032715,3.7955052852630615,-0.24263174831867218,-1.5375640392303467,False,False,faible,normale,1986,7,10,191,Phase_2_pleine,Pleine saison (Juillet-Aout),Tambacounda,Zone soudano-sahélienne,445.31152,0,plus_grande_couverture,Phase_2_pleine
1986-07-10,C0_plus_grande_couverture,1986-07-10_007_017,-13.125,14.125,0.0,3.7769687175750732,-0.572808563709259,-3.7769687175750732,False,False,trace,normale,1986,7,10,191,Phase_2_pleine,Pleine saison (Juillet-Aout),Tambacounda,Zone soudano-sahélienne,472.30008,0,plus_grande_couverture,Phase_2_pleine
1986-07-10,C0_plus_grande_couverture,1986-07-10_007_018,-12.875,14.125,0.0,3.8250515460968018,-0.5805561542510986,-3.8250515460968018,False,False,trace,normale,1986,7,10,191,Phase_2_pleine,Pleine saison (Juillet-Aout),Tambacounda,Zone soudano-sahélienne,499.28867,0,plus_grande_couverture,Phase_2_pleine
1986-07-10,C0_plus_grande_couverture,1986-07-10_007_019,-12.625,14.125,0.0,3.9748282432556152,-0.600836455821991,-3.9748282432556152,False,False,trace,normale,1986,7,10,191,Phase_2_pleine,Pleine saison (Juillet-Aout),Tambacounda,Zone soudano-sahélienne,526.2772,0,plus_grande_couverture,Phase_2_pleine
1986-07-10,C0_plus_grande_couverture,1986-07-10_007_020,-12.375,14.125,0.0,3.8154306411743164,-0.5852082967758179,-3.8154306411743164,False,False,trace,normale,1986,7,10,191,Phase_2_pleine,Pleine saison (Juillet-Aout),Tambacounda,Zone soudano-sahélienne,553.2658,0,plus_grande_couverture,Phase_2_pleine
1986-07-10,C0_plus_grande_couverture,1986-07-10_007_021,-12.125,14.125,0.0,3.9601187705993652,-0.6024119257926941,-3.9601187705993652,False,False,trace,normale,1986,7,10,191,Phase_2_pleine,Pleine saison (Juillet-Aout),Tambacounda,Zone soudano-sahélienne,580.2544,0,plus_grande_couverture,Phase_2_pleine
1986-07-10,C0_plus_grande_couverture,1986-07-10_008_002,-16.875,14.375,44.34831619262695,1.953695297241211,6.0812554359436035,42.39462089538574,True,True,forte,exceptionnelle,1986,7,10,191,Phase_2_pleine,Pleine saison (Juillet-Aout),Thiès,Zone soudano-sahélienne,67.39671,0,plus_grande_couverture,Phase_2_pleine
1986-07-10,C0_plus_grande_couverture,1986-07-10_008_003,-16.625,14.375,34.991878509521484,2.2405011653900146,5.684448719024658,32.75137734413147,True,True,forte,exceptionnelle,1986,7,10,191,Phase_2_pleine,Pleine saison (Juillet-Aout),Fatick,Zone soudano-sahélienne,94.3554,0,plus_grande_couverture,Phase_2_pleine
1986-07-10,C0_plus_grande_couverture,1986-07-10_008_004,-16.375,14.375,28.778366088867188,2.7988486289978027,4.738134860992432,25.979517459869385,True,True,forte,exceptionnelle,1986,7,10,191,Phase_2_pleine,Pleine saison (Juillet-Aout),Diourbel,Zone soudano-sahélienne,121.314095,0,plus_grande_couverture,Phase_2_pleine
1986-07-10,C0_plus_grande_couverture,1986-07-10_008_005,-16.125,14.375,23.939332962036133,2.5719492435455322,4.398050308227539,21.3673837184906,True,True,forte,exceptionnelle,1986,7,10,191,Phase_2_pleine,Pleine saison (Juillet-Aout),Diourbel,Zone soudano-sahélienne,148.27278,0,plus_grande_couverture,Phase_2_pleine
1986-07-10,C0_plus_grande_couverture,1986-07-10_008_006,-15.875,14.375,24.86343765258789,2.521378517150879,4.531459331512451,22.34205913543701,True,True,forte,exceptionnelle,1986,7,10,191,Phase_2_pleine,Pleine saison (Juillet-Aout),Diourbel,Zone soudano-sahélienne,175.23148,0,plus_grande_couverture,Phase_2_pleine
1986-07-10,C0_plus_grande_couverture,1986-07-10_008_007,-15.625,14.375,18.043397903442383,2.821667194366455,3.3343963623046875,15.221730709075928,True,False,moderee,exceptionnelle,1986,7,10,191,Phase_2_pleine,Pleine saison (Juillet-Aout),Kaolack,Zone soudano-sahélienne,202.19016,0,plus_grande_couverture,Phase_2_pleine
1986-07-10,C0_plus_grande_couverture,1986-07-10_008_008,-15.375,14.375,5.124490737915039,2.3513951301574707,0.6734985709190369,2.7730956077575684,False,False,moderee,normale,1986,7,10,191,Phase_2_pleine,Pleine saison (Juillet-Aout),Kaffrine,Zone soudano-sahélienne,229.14883,0,plus_grande_couverture,Phase_2_pleine
1986-07-10,C0_plus_grande_couverture,1986-07-10_008_009,-15.125,14.375,6.3579206466674805,2.713423728942871,0.7791211009025574,3.6444969177246094,False,False,moderee,normale,1986,7,10,191,Phase_2_pleine,Pleine saison (Juillet-Aout),Kaffrine,Zone soudano-sahélienne,256.10754,0,plus_grande_couverture,Phase_2_pleine
1986-07-10,C0_plus_grande_couverture,1986-07-10_008_010,-14.875,14.375,15.348133087158203,3.685102939605713,2.024425983428955,11.66303014755249,True,False,moderee,tres humide,1986,7,10,191,Phase_2_pleine,Pleine saison (Juillet-Aout),Kaffrine,Zone soudano-sahélienne,283.06622,0,plus_grande_couverture,Phase_2_pleine
1986-07-10,C0_plus_grande_couverture,1986-07-10_008_011,-14.625,14.375,21.32979965209961,4.782194137573242,2.434340476989746,16.547605514526367,True,True,forte,tres humide,1986,7,10,191,Phase_2_pleine,Pleine saison (Juillet-Aout),Kaffrine,Zone soudano-sahélienne,310.0249,0,plus_grande_couverture,Phase_2_pleine
1986-07-10,C0_plus_grande_couverture,1986-07-10_008_012,-14.375,14.375,19.80760955810547,4.149023532867432,2.6200051307678223,15.658586025238037,True,False,moderee,tres humide,1986,7,10,191,Phase_2_pleine,Pleine saison (Juillet-Aout),Tambacounda,Zone soudano-sahélienne,336.98358,0,plus_grande_couverture,Phase_2_pleine
1986-07-10,C0_plus_grande_couverture,1986-07-10_008_013,-14.125,14.375,16.660337448120117,3.676748514175415,2.193309783935547,12.983588933944702,True,False,moderee,tres humide,1986,7,10,191,Phase_2_pleine,Pleine saison (Juillet-Aout),Tambacounda,Zone soudano-sahélienne,363.94226,0,plus_grande_couverture,Phase_2_pleine
1986-07-10,C0_plus_grande_couverture,1986-07-10_008_014,-13.875,14.375,18.95882797241211,3.6467111110687256,2.41658353805542,15.312116861343384,True,False,moderee,tres humide,1986,7,10,191,Phase_2_pleine,Pleine saison (Juillet-Aout),Tambacounda,Zone soudano-sahélienne,390.90097,0,plus_grande_couverture,Phase_2_pleine
1986-07-10,C0_plus_grande_couverture,1986-07-10_008_015,-13.625,14.375,13.214794158935547,3.323768377304077,1.662310242652893,9.89102578163147,False,False,moderee,humide,1986,7,10,191,Phase_2_pleine,Pleine saison (Juillet-Aout),Tambacounda,Zone soudano-sahélienne,417.85965,0,plus_grande_couverture,Phase_2_pleine
1986-07-10,C0_plus_grande_couverture,1986-07-10_008_016,-13.375,14.375,4.881487846374512,3.164079189300537,0.3218502104282379,1.7174086570739746,False,False,faible,normale,1986,7,10,191,Phase_2_pleine,Pleine saison (Juillet-Aout),Tambacounda,Zone soudano-sahélienne,444.81833,0,plus_grande_couverture,Phase_2_pleine
1986-07-10,C0_plus_grande_couverture,1986-07-10_008_017,-13.125,14.375,4.957184791564941,3.2789525985717773,0.31187504529953003,1.678232192993164,False,False,faible,normale,1986,7,10,191,Phase_2_pleine,Pleine saison (Juillet-Aout),Tambacounda,Zone soudano-sahélienne,471.777,0,plus_grande_couverture,Phase_2_pleine
1986-07-10,C0_plus_grande_couverture,1986-07-10_008_018,-12.875,14.375,4.695050239562988,3.334355592727661,0.24403534829616547,1.3606946468353271,False,False,faible,normale,1986,7,10,191,Phase_2_pleine,Pleine saison (Juillet-Aout),Tambacounda,Zone soudano-sahélienne,498.7357,0,plus_grande_couverture,Phase_2_pleine
1986-07-10,C0_plus_grande_couverture,1986-07-10_008_019,-12.625,14.375,0.6036756038665771,3.4369595050811768,-0.49464675784111023,-2.8332839012145996,False,False,trace,normale,1986,7,10,191,Phase_2_pleine,Pleine saison (Juillet-Aout),Tambacounda,Zone soudano-sahélienne,525.6944,0,plus_grande_couverture,Phase_2_pleine
1986-07-10,C0_plus_grande_couverture,1986-07-10_008_020,-12.375,14.375,0.28053879737854004,3.521970272064209,-0.5473663210868835,-3.241431474685669,False,False,trace,normale,1986,7,10,191,Phase_2_pleine,Pleine saison (Juillet-Aout),Tambacounda,Zone soudano-sahélienne,552.6531,0,plus_grande_couverture,Phase_2_pleine
1986-07-10,C0_plus_grande_couverture,1986-07-10_009_001,-17.125,14.625,24.16254425048828,1.2757372856140137,5.851388454437256,22.886806964874268,True,True,forte,exceptionnelle,1986,7,10,191,Phase_2_pleine,Pleine saison (Juillet-Aout),Dakar,Zone soudano-sahélienne,40.39242,0,plus_grande_couverture,Phase_2_pleine
1986-07-10,C0_plus_grande_couverture,1986-07-10_009_002,-16.875,14.625,28.296709060668945,1.6674680709838867,5.8092780113220215,26.62924098968506,True,True,forte,exceptionnelle,1986,7,10,191,Phase_2_pleine,Pleine saison (Juillet-Aout),Thiès,Zone soudano-sahélienne,67.3207,0,plus_grande_couverture,Phase_2_pleine
1986-07-10,C0_plus_grande_couverture,1986-07-10_009_003,-16.625,14.625,32.042537689208984,1.9478092193603516,5.657704830169678,30.094728469848633,True,True,forte,exceptionnelle,1986,7,10,191,Phase_2_pleine,Pleine saison (Juillet-Aout),Thiès,Zone soudano-sahélienne,94.248985,0,plus_grande_couverture,Phase_2_pleine
1986-07-10,C0_plus_grande_couverture,1986-07-10_009_004,-16.375,14.625,26.696874618530273,2.1225411891937256,4.87989616394043,24.574333429336548,True,True,forte,exceptionnelle,1986,7,10,191,Phase_2_pleine,Pleine saison (Juillet-Aout),Diourbel,Zone soudano-sahélienne,121.17728,0,plus_grande_couverture,Phase_2_pleine
1986-07-10,C0_plus_grande_couverture,1986-07-10_009_005,-16.125,14.625,23.88779067993164,2.2135250568389893,4.562199592590332,21.67426562309265,True,True,forte,exceptionnelle,1986,7,10,191,Phase_2_pleine,Pleine saison (Juillet-Aout),Diourbel,Zone soudano-sahélienne,148.10556,0,plus_grande_couverture,Phase_2_pleine
1986-07-10,C0_plus_grande_couverture,1986-07-10_009_006,-15.875,14.625,21.10137367248535,1.8182049989700317,4.688136100769043,19.28316867351532,True,True,forte,exceptionnelle,1986,7,10,191,Phase_2_pleine,Pleine saison (Juillet-Aout),Diourbel,Zone soudano-sahélienne,175.03384,0,plus_grande_couverture,Phase_2_pleine
1986-07-10,C0_plus_grande_couverture,1986-07-10_009_007,-15.625,14.625,20.290071487426758,2.3456130027770996,4.331807613372803,17.944458484649658,True,True,forte,exceptionnelle,1986,7,10,191,Phase_2_pleine,Pleine saison (Juillet-Aout),Kaffrine,Zone soudano-sahélienne,201.96213,0,plus_grande_couverture,Phase_2_pleine
1986-07-10,C0_plus_grande_couverture,1986-07-10_009_008,-15.375,14.625,11.493021011352539,2.5130910873413086,2.0837056636810303,8.97992992401123,True,False,moderee,tres humide,1986,7,10,191,Phase_2_pleine,Pleine saison (Juillet-Aout),Kaffrine,Zone soudano-sahélienne,228.8904,0,plus_grande_couverture,Phase_2_pleine
1986-07-10,C0_plus_grande_couverture,1986-07-10_009_009,-15.125,14.625,11.224771499633789,3.101733922958374,1.5221878290176392,8.123037576675415,False,False,moderee,humide,1986,7,10,191,Phase_2_pleine,Pleine saison (Juillet-Aout),Kaffrine,Zone soudano-sahélienne,255.8187,0,plus_grande_couverture,Phase_2_pleine
1986-07-10,C0_plus_grande_couverture,1986-07-10_009_010,-14.875,14.625,20.644926071166992,4.045104503631592,2.491065263748169,16.5998215675354,True,True,forte,tres humide,1986,7,10,191,Phase_2_pleine,Pleine saison (Juillet-Aout),Kaffrine,Zone soudano-sahélienne,282.74698,0,plus_grande_couverture,Phase_2_pleine
1986-07-10,C0_plus_grande_couverture,1986-07-10_009_011,-14.625,14.625,21.539979934692383,4.121015548706055,2.6234729290008545,17.418964385986328,True,True,forte,tres humide,1986,7,10,191,Phase_2_pleine,Pleine saison (Juillet-Aout),Kaffrine,Zone soudano-sahélienne,309.67526,0,plus_grande_couverture,Phase_2_pleine
1986-07-10,C0_plus_grande_couverture,1986-07-10_009_012,-14.375,14.625,26.714780807495117,4.171982765197754,3.38726544380188,22.542798042297363,True,True,forte,exceptionnelle,1986,7,10,191,Phase_2_pleine,Pleine saison (Juillet-Aout),Tambacounda,Zone soudano-sahélienne,336.60355,0,plus_grande_couverture,Phase_2_pleine
1986-07-10,C0_plus_grande_couverture,1986-07-10_009_013,-14.125,14.625,29.33676528930664,4.518874645233154,3.35998797416687,24.817890644073486,True,True,forte,exceptionnelle,1986,7,10,191,Phase_2_pleine,Pleine saison (Juillet-Aout),Tambacounda,Zone soudano-sahélienne,363.5318,0,plus_grande_couverture,Phase_2_pleine
1986-07-10,C0_plus_grande_couverture,1986-07-10_009_014,-13.875,14.625,26.481122970581055,4.42830228805542,2.9770054817199707,22.052820682525635,True,True,forte,tres humide,1986,7,10,191,Phase_2_pleine,Pleine saison (Juillet-Aout),Tambacounda,Zone soudano-sahélienne,390.4601,0,plus_grande_couverture,Phase_2_pleine
1986-07-10,C0_plus_grande_couverture,1986-07-10_009_015,-13.625,14.625,12.963153839111328,3.6307284832000732,1.5797070264816284,9.332425355911255,False,False,moderee,humide,1986,7,10,191,Phase_2_pleine,Pleine saison (Juillet-Aout),Tambacounda,Zone soudano-sahélienne,417.38837,0,plus_grande_couverture,Phase_2_pleine
1986-07-10,C0_plus_grande_couverture,1986-07-10_009_016,-13.375,14.625,11.88644027709961,3.9181973934173584,1.3104010820388794,7.968242883682251,False,False,moderee,humide,1986,7,10,191,Phase_2_pleine,Pleine saison (Juillet-Aout),Tambacounda,Zone soudano-sahélienne,444.31668,0,plus_grande_couverture,Phase_2_pleine
1986-07-10,C0_plus_grande_couverture,1986-07-10_009_017,-13.125,14.625,10.645419120788574,4.054929733276367,1.1175345182418823,6.590489387512207,False,False,moderee,humide,1986,7,10,191,Phase_2_pleine,Pleine saison (Juillet-Aout),Tambacounda,Zone soudano-sahélienne,471.24493,0,plus_grande_couverture,Phase_2_pleine
1986-07-10,C0_plus_grande_couverture,1986-07-10_009_018,-12.875,14.625,7.868220329284668,3.407209634780884,0.7753404974937439,4.461010694503784,False,False,moderee,normale,1986,7,10,191,Phase_2_pleine,Pleine saison (Juillet-Aout),Tambacounda,Zone soudano-sahélienne,498.17322,0,plus_grande_couverture,Phase_2_pleine
1986-07-10,C0_plus_grande_couverture,1986-07-10_009_019,-12.625,14.625,5.1158061027526855,2.9417059421539307,0.4484764635562897,2.174100160598755,False,False,moderee,normale,1986,7,10,191,Phase_2_pleine,Pleine saison (Juillet-Aout),Tambacounda,Zone soudano-sahélienne,525.1015,0,plus_grande_couverture,Phase_2_pleine
1986-07-10,C0_plus_grande_couverture,1986-07-10_009_020,-12.375,14.625,4.39616584777832,2.4927384853363037,0.4690210819244385,1.9034273624420166,False,False,faible,normale,1986,7,10,191,Phase_2_pleine,Pleine saison (Juillet-Aout),Tambacounda,Zone soudano-sahélienne,552.0298,0,plus_grande_couverture,Phase_2_pleine
1986-07-10,C0_plus_grande_couverture,1986-07-10_010_001,-17.125,14.875,20.78335952758789,1.0910712480545044,5.772552013397217,19.692288279533386,True,True,forte,exceptionnelle,1986,7,10,191,Phase_2_pleine,Pleine saison (Juillet-Aout),Thiès,Zone soudano-sahélienne,40.346046,0,plus_grande_couverture,Phase_2_pleine
1986-07-10,C0_plus_grande_couverture,1986-07-10_010_002,-16.875,14.875,28.11908531188965,1.2980647087097168,6.014538764953613,26.82102060317993,True,True,forte,exceptionnelle,1986,7,10,191,Phase_2_pleine,Pleine saison (Juillet-Aout),Thiès,Zone soudano-sahélienne,67.243416,0,plus_grande_couverture,Phase_2_pleine
1986-07-10,C0_plus_grande_couverture,1986-07-10_010_003,-16.625,14.875,29.22403335571289,1.771112084388733,5.484785556793213,27.452921271324158,True,True,forte,exceptionnelle,1986,7,10,191,Phase_2_pleine,Pleine saison (Juillet-Aout),Thiès,Zone soudano-sahélienne,94.14078,0,plus_grande_couverture,Phase_2_pleine
1986-07-10,C0_plus_grande_couverture,1986-07-10_010_004,-16.375,14.875,21.211166381835938,1.6531012058258057,4.88040018081665,19.558065176010132,True,True,forte,exceptionnelle,1986,7,10,191,Phase_2_pleine,Pleine saison (Juillet-Aout),Diourbel,Zone soudano-sahélienne,121.03815,0,plus_grande_couverture,Phase_2_pleine
1986-07-10,C0_plus_grande_couverture,1986-07-10_010_005,-16.125,14.875,19.01249885559082,1.712109088897705,4.927153587341309,17.300389766693115,True,False,moderee,exceptionnelle,1986,7,10,191,Phase_2_pleine,Pleine saison (Juillet-Aout),Diourbel,Zone soudano-sahélienne,147.93552,0,plus_grande_couverture,Phase_2_pleine
1986-07-10,C0_plus_grande_couverture,1986-07-10_010_006,-15.875,14.875,20.2481632232666,1.9648618698120117,4.7283430099487305,18.28330135345459,True,True,forte,exceptionnelle,1986,7,10,191,Phase_2_pleine,Pleine saison (Juillet-Aout),Diourbel,Zone soudano-sahélienne,174.83289,0,plus_grande_couverture,Phase_2_pleine
1986-07-10,C0_plus_grande_couverture,1986-07-10_010_007,-15.625,14.875,17.57418441772461,2.3766913414001465,3.652977466583252,15.197493076324463,True,False,moderee,exceptionnelle,1986,7,10,191,Phase_2_pleine,Pleine saison (Juillet-Aout),Diourbel,Zone soudano-sahélienne,201.73026,0,plus_grande_couverture,Phase_2_pleine
1986-07-10,C0_plus_grande_couverture,1986-07-10_010_008,-15.375,14.875,17.29405975341797,2.7390551567077637,3.1181252002716064,14.555004596710205,True,False,moderee,exceptionnelle,1986,7,10,191,Phase_2_pleine,Pleine saison (Juillet-Aout),Kaffrine,Zone soudano-sahélienne,228.62761,0,plus_grande_couverture,Phase_2_pleine
1986-07-10,C0_plus_grande_couverture,1986-07-10_010_009,-15.125,14.875,22.096235275268555,3.346240282058716,3.2430787086486816,18.74999499320984,True,True,forte,exceptionnelle,1986,7,10,191,Phase_2_pleine,Pleine saison (Juillet-Aout),Kaffrine,Zone soudano-sahélienne,255.525,0,plus_grande_couverture,Phase_2_pleine
1986-07-10,C0_plus_grande_couverture,1986-07-10_010_010,-14.875,14.875,22.423377990722656,3.655550241470337,2.977443218231201,18.76782774925232,True,True,forte,tres humide,1986,7,10,191,Phase_2_pleine,Pleine saison (Juillet-Aout),Kaffrine,Zone soudano-sahélienne,282.42233,0,plus_grande_couverture,Phase_2_pleine
1986-07-10,C0_plus_grande_couverture,1986-07-10_010_011,-14.625,14.875,26.492616653442383,4.041624546051025,3.1865835189819336,22.450992107391357,True,True,forte,exceptionnelle,1986,7,10,191,Phase_2_pleine,Pleine saison (Juillet-Aout),Kaffrine,Zone soudano-sahélienne,309.31973,0,plus_grande_couverture,Phase_2_pleine
1986-07-10,C0_plus_grande_couverture,1986-07-10_010_012,-14.375,14.875,28.185165405273438,4.099430561065674,3.483356237411499,24.085734844207764,True,True,forte,exceptionnelle,1986,7,10,191,Phase_2_pleine,Pleine saison (Juillet-Aout),Tambacounda,Zone soudano-sahélienne,336.21707,0,plus_grande_couverture,Phase_2_pleine
1986-07-10,C0_plus_grande_couverture,1986-07-10_010_013,-14.125,14.875,21.983430862426758,3.984119415283203,2.81891131401062,17.999311447143555,True,True,forte,tres humide,1986,7,10,191,Phase_2_pleine,Pleine saison (Juillet-Aout),Matam,Zone soudano-sahélienne,363.11444,0,plus_grande_couverture,Phase_2_pleine
1986-07-10,C0_plus_grande_couverture,1986-07-10_010_014,-13.875,14.875,22.059431076049805,4.178841590881348,2.60787296295166,17.880589485168457,True,True,forte,tres humide,1986,7,10,191,Phase_2_pleine,Pleine saison (Juillet-Aout),Matam,Zone soudano-sahélienne,390.0118,0,plus_grande_couverture,Phase_2_pleine
1986-07-10,C0_plus_grande_couverture,1986-07-10_010_015,-13.625,14.875,21.76974105834961,3.852526903152466,2.885434150695801,17.917214155197144,True,True,forte,tres humide,1986,7,10,191,Phase_2_pleine,Pleine saison (Juillet-Aout),Matam,Zone soudano-sahélienne,416.90918,0,plus_grande_couverture,Phase_2_pleine
1986-07-10,C0_plus_grande_couverture,1986-07-10_010_016,-13.375,14.875,18.854412078857422,3.7787628173828125,2.606328248977661,15.07564926147461,True,False,moderee,tres humide,1986,7,10,191,Phase_2_pleine,Pleine saison (Juillet-Aout),Matam,Zone soudano-sahélienne,443.80655,0,plus_grande_couverture,Phase_2_pleine
1986-07-10,C0_plus_grande_couverture,1986-07-10_010_017,-13.125,14.875,17.994342803955078,4.029567718505859,2.3554019927978516,13.964775085449219,True,False,moderee,tres humide,1986,7,10,191,Phase_2_pleine,Pleine saison (Juillet-Aout),Matam,Zone soudano-sahélienne,470.7039,0,plus_grande_couverture,Phase_2_pleine
1986-07-10,C0_plus_grande_couverture,1986-07-10_010_018,-12.875,14.875,8.375494003295898,3.3808798789978027,0.9100207090377808,4.994614124298096,False,False,moderee,normale,1986,7,10,191,Phase_2_pleine,Pleine saison (Juillet-Aout),Matam,Zone soudano-sahélienne,497.60126,0,plus_grande_couverture,Phase_2_pleine
1986-07-10,C0_plus_grande_couverture,1986-07-10_010_019,-12.625,14.875,6.671084403991699,3.038114070892334,0.7554953694343567,3.6329703330993652,False,False,moderee,normale,1986,7,10,191,Phase_2_pleine,Pleine saison (Juillet-Aout),Matam,Zone soudano-sahélienne,524.49866,0,plus_grande_couverture,Phase_2_pleine
1986-07-10,C0_plus_grande_couverture,1986-07-10_011_002,-16.875,15.125,20.895069122314453,0.8430880308151245,5.974445343017578,20.05198109149933,True,True,forte,exceptionnelle,1986,7,10,191,Phase_2_pleine,Pleine saison (Juillet-Aout),Thiès,Zone soudano-sahélienne,67.16484,0,plus_grande_couverture,Phase_2_pleine
1986-07-10,C0_plus_grande_couverture,1986-07-10_011_003,-16.625,15.125,21.01861000061035,1.1594974994659424,5.378236770629883,19.85911250114441,True,True,forte,exceptionnelle,1986,7,10,191,Phase_2_pleine,Pleine saison (Juillet-Aout),Thiès,Zone soudano-sahélienne,94.03078,0,plus_grande_couverture,Phase_2_pleine
1986-07-10,C0_plus_grande_couverture,1986-07-10_011_004,-16.375,15.125,18.074052810668945,1.4582080841064453,4.691747188568115,16.6158447265625,True,False,moderee,exceptionnelle,1986,7,10,191,Phase_2_pleine,Pleine saison (Juillet-Aout),Louga,Zone soudano-sahélienne,120.89671,0,plus_grande_couverture,Phase_2_pleine
1986-07-10,C0_plus_grande_couverture,1986-07-10_011_005,-16.125,15.125,19.696374893188477,1.5610991716384888,4.718759536743164,18.135275721549988,True,False,moderee,exceptionnelle,1986,7,10,191,Phase_2_pleine,Pleine saison (Juillet-Aout),Louga,Zone soudano-sahélienne,147.76265,0,plus_grande_couverture,Phase_2_pleine
1986-07-10,C0_plus_grande_couverture,1986-07-10_011_006,-15.875,15.125,18.81542205810547,1.7630524635314941,4.418269634246826,17.052369594573975,True,False,moderee,exceptionnelle,1986,7,10,191,Phase_2_pleine,Pleine saison (Juillet-Aout),Louga,Zone soudano-sahélienne,174.6286,0,plus_grande_couverture,Phase_2_pleine
1986-07-10,C0_plus_grande_couverture,1986-07-10_011_007,-15.625,15.125,18.143688201904297,2.2256674766540527,3.6366608142852783,15.918020725250244,True,False,moderee,exceptionnelle,1986,7,10,191,Phase_2_pleine,Pleine saison (Juillet-Aout),Louga,Zone soudano-sahélienne,201.49454,0,plus_grande_couverture,Phase_2_pleine
1986-07-10,C0_plus_grande_couverture,1986-07-10_011_008,-15.375,15.125,14.441697120666504,2.5056772232055664,2.915358304977417,11.936019897460938,True,False,moderee,tres humide,1986,7,10,191,Phase_2_pleine,Pleine saison (Juillet-Aout),Louga,Zone soudano-sahélienne,228.36046,0,plus_grande_couverture,Phase_2_pleine
1986-07-10,C0_plus_grande_couverture,1986-07-10_011_009,-15.125,15.125,19.300811767578125,2.749910593032837,3.409869432449341,16.550901174545288,True,False,moderee,exceptionnelle,1986,7,10,191,Phase_2_pleine,Pleine saison (Juillet-Aout),Kaffrine,Zone soudano-sahélienne,255.22641,0,plus_grande_couverture,Phase_2_pleine
1986-07-10,C0_plus_grande_couverture,1986-07-10_011_010,-14.875,15.125,25.39284896850586,3.0794904232025146,3.724703550338745,22.313358545303345,True,True,forte,exceptionnelle,1986,7,10,191,Phase_2_pleine,Pleine saison (Juillet-Aout),Kaffrine,Zone soudano-sahélienne,282.09235,0,plus_grande_couverture,Phase_2_pleine
1986-07-10,C0_plus_grande_couverture,1986-07-10_011_011,-14.625,15.125,29.045202255249023,4.048903942108154,3.2096972465515137,24.99629831314087,True,True,forte,exceptionnelle,1986,7,10,191,Phase_2_pleine,Pleine saison (Juillet-Aout),Kaffrine,Zone soudano-sahélienne,308.95828,0,plus_grande_couverture,Phase_2_pleine
1986-07-10,C0_plus_grande_couverture,1986-07-10_011_012,-14.375,15.125,24.0942440032959,4.236129283905029,2.7583248615264893,19.85811471939087,True,True,forte,tres humide,1986,7,10,191,Phase_2_pleine,Pleine saison (Juillet-Aout),Matam,Zone soudano-sahélienne,335.82422,0,plus_grande_couverture,Phase_2_pleine
1986-07-10,C0_plus_grande_couverture,1986-07-10_011_013,-14.125,15.125,12.748125076293945,3.707484006881714,1.5802345275878906,9.040641069412231,False,False,moderee,humide,1986,7,10,191,Phase_2_pleine,Pleine saison (Juillet-Aout),Matam,Zone soudano-sahélienne,362.69012,0,plus_grande_couverture,Phase_2_pleine
1986-07-10,C0_plus_grande_couverture,1986-07-10_011_014,-13.875,15.125,23.99093246459961,3.796013355255127,3.3385300636291504,20.194919109344482,True,True,forte,exceptionnelle,1986,7,10,191,Phase_2_pleine,Pleine saison (Juillet-Aout),Matam,Zone soudano-sahélienne,389.5561,0,plus_grande_couverture,Phase_2_pleine
1986-07-10,C0_plus_grande_couverture,1986-07-10_011_015,-13.625,15.125,21.120323181152344,3.3191795349121094,3.2988052368164062,17.801143646240234,True,True,forte,exceptionnelle,1986,7,10,191,Phase_2_pleine,Pleine saison (Juillet-Aout),Matam,Zone soudano-sahélienne,416.42203,0,plus_grande_couverture,Phase_2_pleine
1986-07-10,C0_plus_grande_couverture,1986-07-10_011_016,-13.375,15.125,20.950403213500977,3.3467493057250977,3.191740036010742,17.60365390777588,True,True,forte,exceptionnelle,1986,7,10,191,Phase_2_pleine,Pleine saison (Juillet-Aout),Matam,Zone soudano-sahélienne,443.28796,0,plus_grande_couverture,Phase_2_pleine
1986-07-10,C0_plus_grande_couverture,1986-07-10_011_017,-13.125,15.125,17.131868362426758,3.199920654296875,2.680177688598633,13.931947708129883,True,False,moderee,tres humide,1986,7,10,191,Phase_2_pleine,Pleine saison (Juillet-Aout),Matam,Zone soudano-sahélienne,470.1539,0,plus_grande_couverture,Phase_2_pleine
1986-07-10,C0_plus_grande_couverture,1986-07-10_011_018,-12.875,15.125,8.226183891296387,2.9567618370056152,1.1152515411376953,5.2694220542907715,False,False,moderee,humide,1986,7,10,191,Phase_2_pleine,Pleine saison (Juillet-Aout),Matam,Zone soudano-sahélienne,497.0198,0,plus_grande_couverture,Phase_2_pleine
1986-07-10,C0_plus_grande_couverture,1986-07-10_012_003,-16.625,15.375,12.304134368896484,1.0109496116638184,3.9488792419433594,11.293184757232666,True,False,moderee,exceptionnelle,1986,7,10,191,Phase_2_pleine,Pleine saison (Juillet-Aout),Louga,Zone soudano-sahélienne,93.91899,0,plus_grande_couverture,Phase_2_pleine
1986-07-10,C0_plus_grande_couverture,1986-07-10_012_004,-16.375,15.375,15.543127059936523,1.2468973398208618,4.117747783660889,14.296229720115662,True,False,moderee,exceptionnelle,1986,7,10,191,Phase_2_pleine,Pleine saison (Juillet-Aout),Louga,Zone soudano-sahélienne,120.75298,0,plus_grande_couverture,Phase_2_pleine
1986-07-10,C0_plus_grande_couverture,1986-07-10_012_005,-16.125,15.375,18.738161087036133,1.255617618560791,5.254908561706543,17.482543468475342,True,False,moderee,exceptionnelle,1986,7,10,191,Phase_2_pleine,Pleine saison (Juillet-Aout),Louga,Zone soudano-sahélienne,147.58699,0,plus_grande_couverture,Phase_2_pleine
1986-07-10,C0_plus_grande_couverture,1986-07-10_012_006,-15.875,15.375,17.165374755859375,1.5614333152770996,4.2585978507995605,15.603941440582275,True,False,moderee,exceptionnelle,1986,7,10,191,Phase_2_pleine,Pleine saison (Juillet-Aout),Louga,Zone soudano-sahélienne,174.42099,0,plus_grande_couverture,Phase_2_pleine
1986-07-10,C0_plus_grande_couverture,1986-07-10_012_007,-15.625,15.375,16.37798309326172,1.89219331741333,3.6359732151031494,14.485789775848389,True,False,moderee,exceptionnelle,1986,7,10,191,Phase_2_pleine,Pleine saison (Juillet-Aout),Louga,Zone soudano-sahélienne,201.25497,0,plus_grande_couverture,Phase_2_pleine
1986-07-10,C0_plus_grande_couverture,1986-07-10_012_008,-15.375,15.375,13.073042869567871,2.138974666595459,2.639953374862671,10.934068202972412,True,False,moderee,tres humide,1986,7,10,191,Phase_2_pleine,Pleine saison (Juillet-Aout),Louga,Zone soudano-sahélienne,228.08896,0,plus_grande_couverture,Phase_2_pleine
1986-07-10,C0_plus_grande_couverture,1986-07-10_012_009,-15.125,15.375,17.629758834838867,2.888230085372925,2.6568989753723145,14.741528749465942,True,False,moderee,tres humide,1986,7,10,191,Phase_2_pleine,Pleine saison (Juillet-Aout),Louga,Zone soudano-sahélienne,254.92297,0,plus_grande_couverture,Phase_2_pleine
1986-07-10,C0_plus_grande_couverture,1986-07-10_012_010,-14.875,15.375,24.906810760498047,2.8209009170532227,3.691511869430542,22.085909843444824,True,True,forte,exceptionnelle,1986,7,10,191,Phase_2_pleine,Pleine saison (Juillet-Aout),Louga,Zone soudano-sahélienne,281.75696,0,plus_grande_couverture,Phase_2_pleine
1986-07-10,C0_plus_grande_couverture,1986-07-10_012_011,-14.625,15.375,25.27911376953125,3.0818936824798584,3.5913028717041016,22.19722008705139,True,True,forte,exceptionnelle,1986,7,10,191,Phase_2_pleine,Pleine saison (Juillet-Aout),Matam,Zone soudano-sahélienne,308.59097,0,plus_grande_couverture,Phase_2_pleine
1986-07-10,C0_plus_grande_couverture,1986-07-10_012_012,-14.375,15.375,23.249555587768555,3.3137972354888916,3.295349359512329,19.935758352279663,True,True,forte,exceptionnelle,1986,7,10,191,Phase_2_pleine,Pleine saison (Juillet-Aout),Matam,Zone soudano-sahélienne,335.42496,0,plus_grande_couverture,Phase_2_pleine
1986-07-10,C0_plus_grande_couverture,1986-07-10_012_013,-14.125,15.375,20.879323959350586,3.251709222793579,3.2155892848968506,17.627614736557007,True,True,forte,exceptionnelle,1986,7,10,191,Phase_2_pleine,Pleine saison (Juillet-Aout),Matam,Zone soudano-sahélienne,362.25894,0,plus_grande_couverture,Phase_2_pleine
1986-07-10,C0_plus_grande_couverture,1986-07-10_012_014,-13.875,15.375,18.26410675048828,2.8791794776916504,3.1923789978027344,15.38492727279663,True,False,moderee,exceptionnelle,1986,7,10,191,Phase_2_pleine,Pleine saison (Juillet-Aout),Matam,Zone soudano-sahélienne,389.09296,0,plus_grande_couverture,Phase_2_pleine
1986-07-10,C0_plus_grande_couverture,1986-07-10_012_015,-13.625,15.375,17.077119827270508,2.3657379150390625,3.39131760597229,14.711381912231445,True,False,moderee,exceptionnelle,1986,7,10,191,Phase_2_pleine,Pleine saison (Juillet-Aout),Matam,Zone soudano-sahélienne,415.92694,0,plus_grande_couverture,Phase_2_pleine
1986-07-10,C0_plus_grande_couverture,1986-07-10_012_016,-13.375,15.375,17.05072784423828,2.357884168624878,3.6031618118286133,14.692843675613403,True,False,moderee,exceptionnelle,1986,7,10,191,Phase_2_pleine,Pleine saison (Juillet-Aout),Matam,Zone soudano-sahélienne,442.76096,0,plus_grande_couverture,Phase_2_pleine
1986-07-10,C0_plus_grande_couverture,1986-07-10_012_017,-13.125,15.375,16.28761863708496,2.389970541000366,3.4351210594177246,13.897648096084595,True,False,moderee,exceptionnelle,1986,7,10,191,Phase_2_pleine,Pleine saison (Juillet-Aout),Matam,Zone soudano-sahélienne,469.59494,0,plus_grande_couverture,Phase_2_pleine
1986-07-10,C0_plus_grande_couverture,1986-07-10_013_004,-16.375,15.625,21.714937210083008,1.0586942434310913,5.4869818687438965,20.656242966651917,True,True,forte,exceptionnelle,1986,7,10,191,Phase_2_pleine,Pleine saison (Juillet-Aout),Saint-Louis,Zone sahélienne,120.60696,0,plus_grande_couverture,Phase_2_pleine
1986-07-10,C0_plus_grande_couverture,1986-07-10_013_005,-16.125,15.625,18.428577423095703,0.8685190081596375,5.823376655578613,17.560058414936066,True,False,moderee,exceptionnelle,1986,7,10,191,Phase_2_pleine,Pleine saison (Juillet-Aout),Saint-Louis,Zone sahélienne,147.40851,0,plus_grande_couverture,Phase_2_pleine
1986-07-10,C0_plus_grande_couverture,1986-07-10_013_006,-15.875,15.625,16.754785537719727,1.3107357025146484,4.060039520263672,15.444049835205078,True,False,moderee,exceptionnelle,1986,7,10,191,Phase_2_pleine,Pleine saison (Juillet-Aout),Saint-Louis,Zone sahélienne,174.21005,0,plus_grande_couverture,Phase_2_pleine
1986-07-10,C0_plus_grande_couverture,1986-07-10_013_007,-15.625,15.625,14.891641616821289,1.394133448600769,3.912576913833618,13.49750816822052,True,False,moderee,exceptionnelle,1986,7,10,191,Phase_2_pleine,Pleine saison (Juillet-Aout),Saint-Louis,Zone sahélienne,201.0116,0,plus_grande_couverture,Phase_2_pleine
1986-07-10,C0_plus_grande_couverture,1986-07-10_013_008,-15.375,15.625,15.053997993469238,1.8662174940109253,3.2352190017700195,13.187780499458313,True,False,moderee,exceptionnelle,1986,7,10,191,Phase_2_pleine,Pleine saison (Juillet-Aout),Louga,Zone sahélienne,227.81313,0,plus_grande_couverture,Phase_2_pleine
1986-07-10,C0_plus_grande_couverture,1986-07-10_013_009,-15.125,15.625,17.100793838500977,2.2152435779571533,3.234769344329834,14.885550260543823,True,False,moderee,exceptionnelle,1986,7,10,191,Phase_2_pleine,Pleine saison (Juillet-Aout),Louga,Zone sahélienne,254.6147,0,plus_grande_couverture,Phase_2_pleine
1986-07-10,C0_plus_grande_couverture,1986-07-10_013_010,-14.875,15.625,25.28162384033203,2.415433168411255,4.551687717437744,22.866190671920776,True,True,forte,exceptionnelle,1986,7,10,191,Phase_2_pleine,Pleine saison (Juillet-Aout),Louga,Zone sahélienne,281.41623,0,plus_grande_couverture,Phase_2_pleine
1986-07-10,C0_plus_grande_couverture,1986-07-10_013_011,-14.625,15.625,28.744426727294922,2.6725924015045166,4.371642112731934,26.071834325790405,True,True,forte,exceptionnelle,1986,7,10,191,Phase_2_pleine,Pleine saison (Juillet-Aout),Matam,Zone sahélienne,308.21777,0,plus_grande_couverture,Phase_2_pleine
1986-07-10,C0_plus_grande_couverture,1986-07-10_013_012,-14.375,15.625,29.858060836791992,3.066267967224121,4.253013610839844,26.79179286956787,True,True,forte,exceptionnelle,1986,7,10,191,Phase_2_pleine,Pleine saison (Juillet-Aout),Matam,Zone sahélienne,335.01932,0,plus_grande_couverture,Phase_2_pleine
1986-07-10,C0_plus_grande_couverture,1986-07-10_013_013,-14.125,15.625,20.99734115600586,2.865281820297241,3.4304723739624023,18.132059335708618,True,True,forte,exceptionnelle,1986,7,10,191,Phase_2_pleine,Pleine saison (Juillet-Aout),Matam,Zone sahélienne,361.82086,0,plus_grande_couverture,Phase_2_pleine
1986-07-10,C0_plus_grande_couverture,1986-07-10_013_014,-13.875,15.625,15.192334175109863,2.0516045093536377,3.5528578758239746,13.140729665756226,True,False,moderee,exceptionnelle,1986,7,10,191,Phase_2_pleine,Pleine saison (Juillet-Aout),Matam,Zone sahélienne,388.6224,0,plus_grande_couverture,Phase_2_pleine
1986-07-10,C0_plus_grande_couverture,1986-07-10_013_015,-13.625,15.625,14.583968162536621,2.0246658325195312,3.5802018642425537,12.55930233001709,True,False,moderee,exceptionnelle,1986,7,10,191,Phase_2_pleine,Pleine saison (Juillet-Aout),Matam,Zone sahélienne,415.42395,0,plus_grande_couverture,Phase_2_pleine
1986-07-10,C0_plus_grande_couverture,1986-07-10_013_016,-13.375,15.625,16.631715774536133,2.1542842388153076,3.957376718521118,14.477431535720825,True,False,moderee,exceptionnelle,1986,7,10,191,Phase_2_pleine,Pleine saison (Juillet-Aout),Matam,Zone sahélienne,442.22552,0,plus_grande_couverture,Phase_2_pleine
1986-07-10,C0_plus_grande_couverture,1986-07-10_014_004,-16.375,15.875,19.366012573242188,0.7220863699913025,5.802152633666992,18.643926203250885,True,False,moderee,exceptionnelle,1986,7,10,191,Phase_2_pleine,Pleine saison (Juillet-Aout),Saint-Louis,Zone sahélienne,120.45863,0,plus_grande_couverture,Phase_2_pleine
1986-07-10,C0_plus_grande_couverture,1986-07-10_014_005,-16.125,15.875,24.732616424560547,0.703122615814209,6.284890174865723,24.029493808746338,True,True,forte,exceptionnelle,1986,7,10,191,Phase_2_pleine,Pleine saison (Juillet-Aout),Saint-Louis,Zone sahélienne,147.22722,0,plus_grande_couverture,Phase_2_pleine
1986-07-10,C0_plus_grande_couverture,1986-07-10_014_006,-15.875,15.875,17.368711471557617,0.8940731287002563,4.975552558898926,16.47463834285736,True,False,moderee,exceptionnelle,1986,7,10,191,Phase_2_pleine,Pleine saison (Juillet-Aout),Saint-Louis,Zone sahélienne,173.9958,0,plus_grande_couverture,Phase_2_pleine
1986-07-10,C0_plus_grande_couverture,1986-07-10_014_007,-15.625,15.875,16.683198928833008,0.9982119798660278,4.465813636779785,15.68498694896698,True,False,moderee,exceptionnelle,1986,7,10,191,Phase_2_pleine,Pleine saison (Juillet-Aout),Saint-Louis,Zone sahélienne,200.76439,0,plus_grande_couverture,Phase_2_pleine
1986-07-10,C0_plus_grande_couverture,1986-07-10_014_008,-15.375,15.875,16.110393524169922,1.5351864099502563,3.6403098106384277,14.575207114219666,True,False,moderee,exceptionnelle,1986,7,10,191,Phase_2_pleine,Pleine saison (Juillet-Aout),Louga,Zone sahélienne,227.53297,0,plus_grande_couverture,Phase_2_pleine
1986-07-10,C0_plus_grande_couverture,1986-07-10_014_009,-15.125,15.875,13.708863258361816,1.7898262739181519,2.873384475708008,11.919036984443665,True,False,moderee,tres humide,1986,7,10,191,Phase_2_pleine,Pleine saison (Juillet-Aout),Louga,Zone sahélienne,254.30157,0,plus_grande_couverture,Phase_2_pleine
1986-07-10,C0_plus_grande_couverture,1986-07-10_014_010,-14.875,15.875,24.34857177734375,1.871662974357605,4.6629252433776855,22.476908802986145,True,True,forte,exceptionnelle,1986,7,10,191,Phase_2_pleine,Pleine saison (Juillet-Aout),Louga,Zone sahélienne,281.07013,0,plus_grande_couverture,Phase_2_pleine
1986-07-10,C0_plus_grande_couverture,1986-07-10_014_011,-14.625,15.875,29.433555603027344,2.3767788410186768,4.465147495269775,27.056776762008667,True,True,forte,exceptionnelle,1986,7,10,191,Phase_2_pleine,Pleine saison (Juillet-Aout),Matam,Zone sahélienne,307.83875,0,plus_grande_couverture,Phase_2_pleine
1986-07-10,C0_plus_grande_couverture,1986-07-10_014_012,-14.375,15.875,29.62574005126953,2.9827001094818115,3.9553380012512207,26.64303994178772,True,True,forte,exceptionnelle,1986,7,10,191,Phase_2_pleine,Pleine saison (Juillet-Aout),Matam,Zone sahélienne,334.60733,0,plus_grande_couverture,Phase_2_pleine
1986-07-10,C0_plus_grande_couverture,1986-07-10_014_013,-14.125,15.875,24.388635635375977,2.4459991455078125,3.9947292804718018,21.942636489868164,True,True,forte,exceptionnelle,1986,7,10,191,Phase_2_pleine,Pleine saison (Juillet-Aout),Matam,Zone sahélienne,361.3759,0,plus_grande_couverture,Phase_2_pleine
1986-07-10,C0_plus_grande_couverture,1986-07-10_014_014,-13.875,15.875,17.15680694580078,1.787155032157898,3.828308343887329,15.369651913642883,True,False,moderee,exceptionnelle,1986,7,10,191,Phase_2_pleine,Pleine saison (Juillet-Aout),Matam,Zone sahélienne,388.1445,0,plus_grande_couverture,Phase_2_pleine
1986-07-10,C0_plus_grande_couverture,1986-07-10_014_015,-13.625,15.875,15.227408409118652,1.9946198463439941,3.4694931507110596,13.232788562774658,True,False,moderee,exceptionnelle,1986,7,10,191,Phase_2_pleine,Pleine saison (Juillet-Aout),Matam,Zone sahélienne,414.91306,0,plus_grande_couverture,Phase_2_pleine
1986-07-10,C0_plus_grande_couverture,1986-07-10_014_016,-13.375,15.875,14.604259490966797,2.0990867614746094,3.367912530899048,12.505172729492188,True,False,moderee,exceptionnelle,1986,7,10,191,Phase_2_pleine,Pleine saison (Juillet-Aout),Matam,Zone sahélienne,441.68167,0,plus_grande_couverture,Phase_2_pleine
1986-07-10,C0_plus_grande_couverture,1986-07-10_015_004,-16.375,16.125,25.63864517211914,0.7509369850158691,6.337949275970459,24.88770818710327,True,True,forte,exceptionnelle,1986,7,10,191,Phase_2_pleine,Pleine saison (Juillet-Aout),Saint-Louis,Zone sahélienne,120.308014,0,plus_grande_couverture,Phase_2_pleine
1986-07-10,C0_plus_grande_couverture,1986-07-10_015_005,-16.125,16.125,28.114490509033203,0.8760907649993896,6.268584251403809,27.238399744033813,True,True,forte,exceptionnelle,1986,7,10,191,Phase_2_pleine,Pleine saison (Juillet-Aout),Saint-Louis,Zone sahélienne,147.04314,0,plus_grande_couverture,Phase_2_pleine
1986-07-10,C0_plus_grande_couverture,1986-07-10_015_006,-15.875,16.125,20.394990921020508,0.870978593826294,5.645755767822266,19.524012327194214,True,True,forte,exceptionnelle,1986,7,10,191,Phase_2_pleine,Pleine saison (Juillet-Aout),Saint-Louis,Zone sahélienne,173.77824,0,plus_grande_couverture,Phase_2_pleine
1986-07-10,C0_plus_grande_couverture,1986-07-10_015_007,-15.625,16.125,15.736408233642578,0.8219277858734131,4.849449157714844,14.914480447769165,True,False,moderee,exceptionnelle,1986,7,10,191,Phase_2_pleine,Pleine saison (Juillet-Aout),Saint-Louis,Zone sahélienne,200.51337,0,plus_grande_couverture,Phase_2_pleine
1986-07-10,C0_plus_grande_couverture,1986-07-10_015_008,-15.375,16.125,15.187858581542969,1.0024985074996948,4.403604030609131,14.185360074043274,True,False,moderee,exceptionnelle,1986,7,10,191,Phase_2_pleine,Pleine saison (Juillet-Aout),Louga,Zone sahélienne,227.24846,0,plus_grande_couverture,Phase_2_pleine
1986-07-10,C0_plus_grande_couverture,1986-07-10_015_009,-15.125,16.125,20.498109817504883,1.3769850730895996,4.726211071014404,19.121124744415283,True,True,forte,exceptionnelle,1986,7,10,191,Phase_2_pleine,Pleine saison (Juillet-Aout),Louga,Zone sahélienne,253.9836,0,plus_grande_couverture,Phase_2_pleine
1986-07-10,C0_plus_grande_couverture,1986-07-10_015_010,-14.875,16.125,24.6049747467041,1.5573726892471313,5.0472002029418945,23.04760205745697,True,True,forte,exceptionnelle,1986,7,10,191,Phase_2_pleine,Pleine saison (Juillet-Aout),Louga,Zone sahélienne,280.7187,0,plus_grande_couverture,Phase_2_pleine
1986-07-10,C0_plus_grande_couverture,1986-07-10_015_011,-14.625,16.125,28.6053524017334,2.076563596725464,4.721609592437744,26.528788805007935,True,True,forte,exceptionnelle,1986,7,10,191,Phase_2_pleine,Pleine saison (Juillet-Aout),Matam,Zone sahélienne,307.45383,0,plus_grande_couverture,Phase_2_pleine
1986-07-10,C0_plus_grande_couverture,1986-07-10_015_012,-14.375,16.125,29.842266082763672,2.420527696609497,4.405303478240967,27.421738386154175,True,True,forte,exceptionnelle,1986,7,10,191,Phase_2_pleine,Pleine saison (Juillet-Aout),Matam,Zone sahélienne,334.18893,0,plus_grande_couverture,Phase_2_pleine
1986-07-10,C0_plus_grande_couverture,1986-07-10_015_013,-14.125,16.125,18.18828582763672,1.9782118797302246,3.572934150695801,16.210073947906494,True,False,moderee,exceptionnelle,1986,7,10,191,Phase_2_pleine,Pleine saison (Juillet-Aout),Matam,Zone sahélienne,360.92404,0,plus_grande_couverture,Phase_2_pleine
1986-07-10,C0_plus_grande_couverture,1986-07-10_015_014,-13.875,16.125,21.16524887084961,1.6298537254333496,4.736202239990234,19.53539514541626,True,True,forte,exceptionnelle,1986,7,10,191,Phase_2_pleine,Pleine saison (Juillet-Aout),Matam,Zone sahélienne,387.65915,0,plus_grande_couverture,Phase_2_pleine
1986-07-10,C0_plus_grande_couverture,1986-07-10_016_005,-16.125,16.375,22.711973190307617,0.7194777727127075,6.282477378845215,21.99249541759491,True,True,forte,exceptionnelle,1986,7,10,191,Phase_2_pleine,Pleine saison (Juillet-Aout),Saint-Louis,Zone sahélienne,146.85623,0,plus_grande_couverture,Phase_2_pleine
1986-07-10,C0_plus_grande_couverture,1986-07-10_016_006,-15.875,16.375,18.67603874206543,0.7571086287498474,5.954744815826416,17.918930113315582,True,False,moderee,exceptionnelle,1986,7,10,191,Phase_2_pleine,Pleine saison (Juillet-Aout),Saint-Louis,Zone sahélienne,173.55737,0,plus_grande_couverture,Phase_2_pleine
1986-07-10,C0_plus_grande_couverture,1986-07-10_016_007,-15.625,16.375,18.51469612121582,0.8432759046554565,5.253902435302734,17.671420216560364,True,False,moderee,exceptionnelle,1986,7,10,191,Phase_2_pleine,Pleine saison (Juillet-Aout),Saint-Louis,Zone sahélienne,200.25851,0,plus_grande_couverture,Phase_2_pleine
1986-07-10,C0_plus_grande_couverture,1986-07-10_016_008,-15.375,16.375,17.078693389892578,0.9873819351196289,4.309746742248535,16.09131145477295,True,False,moderee,exceptionnelle,1986,7,10,191,Phase_2_pleine,Pleine saison (Juillet-Aout),Louga,Zone sahélienne,226.95963,0,plus_grande_couverture,Phase_2_pleine
1986-07-10,C0_plus_grande_couverture,1986-07-10_016_009,-15.125,16.375,19.6059627532959,1.0891005992889404,5.010103225708008,18.516862154006958,True,False,moderee,exceptionnelle,1986,7,10,191,Phase_2_pleine,Pleine saison (Juillet-Aout),Louga,Zone sahélienne,253.66078,0,plus_grande_couverture,Phase_2_pleine
1986-07-10,C0_plus_grande_couverture,1986-07-10_016_010,-14.875,16.375,26.29895782470703,1.248701810836792,5.637600898742676,25.05025601387024,True,True,forte,exceptionnelle,1986,7,10,191,Phase_2_pleine,Pleine saison (Juillet-Aout),Louga,Zone sahélienne,280.3619,0,plus_grande_couverture,Phase_2_pleine
1986-07-10,C0_plus_grande_couverture,1986-07-10_016_011,-14.625,16.375,29.094255447387695,1.5649385452270508,5.249583721160889,27.529316902160645,True,True,forte,exceptionnelle,1986,7,10,191,Phase_2_pleine,Pleine saison (Juillet-Aout),Matam,Zone sahélienne,307.06305,0,plus_grande_couverture,Phase_2_pleine
1986-07-10,C0_plus_grande_couverture,1986-07-10_016_012,-14.375,16.375,32.57548522949219,1.8635127544403076,5.220059871673584,30.71197247505188,True,True,forte,exceptionnelle,1986,7,10,191,Phase_2_pleine,Pleine saison (Juillet-Aout),Matam,Zone sahélienne,333.76416,0,plus_grande_couverture,Phase_2_pleine
1986-07-10,C0_plus_grande_couverture,1986-07-10_016_013,-14.125,16.375,23.81145668029785,1.5656880140304565,4.925481796264648,22.245768666267395,True,True,forte,exceptionnelle,1986,7,10,191,Phase_2_pleine,Pleine saison (Juillet-Aout),Matam,Zone sahélienne,360.4653,0,plus_grande_couverture,Phase_2_pleine
1986-07-10,C0_plus_grande_couverture,1986-07-10_017_010,-14.875,16.625,24.237821578979492,1.183843970298767,5.60446310043335,23.053977608680725,True,True,forte,exceptionnelle,1986,7,10,191,Phase_2_pleine,Pleine saison (Juillet-Aout),Louga,Zone sahélienne,279.9998,0,plus_grande_couverture,Phase_2_pleine
1986-07-10,C0_plus_grande_couverture,1986-07-10_017_011,-14.625,16.625,28.532865524291992,1.435794711112976,5.6072001457214355,27.097070813179016,True,True,forte,exceptionnelle,1986,7,10,191,Phase_2_pleine,Pleine saison (Juillet-Aout),Matam,Zone sahélienne,306.66644,0,plus_grande_couverture,Phase_2_pleine
1986-07-10,C0_plus_grande_couverture,1986-07-10_017_012,-14.375,16.625,33.56230163574219,1.7241764068603516,5.656985282897949,31.838125228881836,True,True,forte,exceptionnelle,1986,7,10,191,Phase_2_pleine,Pleine saison (Juillet-Aout),Matam,Zone sahélienne,333.33307,0,plus_grande_couverture,Phase_2_pleine
1993-07-22,C0_plus_petite_couverture,1993-07-22_000_003,-16.625,12.375,8.735809326171875,11.701412200927734,-0.18630337715148926,-2.9656028747558594,False,False,moderee,normale,1993,7,22,203,Phase_2_pleine,Pleine saison (Juillet-Aout),Ziguinchor,Zone soudanienne,95.14188,0,plus_petite_couverture,Phase_2_pleine
1993-07-22,C0_plus_petite_couverture,1993-07-22_000_004,-16.375,12.375,10.669059753417969,11.698624610900879,-0.06880667805671692,-1.0295648574829102,False,False,moderee,normale,1993,7,22,203,Phase_2_pleine,Pleine saison (Juillet-Aout),Ziguinchor,Zone soudanienne,122.32527,0,plus_petite_couverture,Phase_2_pleine
1993-07-22,C0_plus_petite_couverture,1993-07-22_000_020,-12.375,12.375,0.07676447927951813,8.349674224853516,-0.9009400606155396,-8.272909745573997,False,False,trace,normale,1993,7,22,203,Phase_2_pleine,Pleine saison (Juillet-Aout),Kédougou,Zone soudanienne,557.2596,0,plus_petite_couverture,Phase_2_pleine
1993-07-22,C0_plus_petite_couverture,1993-07-22_001_003,-16.625,12.625,9.36916732788086,11.590494155883789,-0.13842226564884186,-2.2213268280029297,False,False,moderee,normale,1993,7,22,203,Phase_2_pleine,Pleine saison (Juillet-Aout),Ziguinchor,Zone soudanienne,95.04989,0,plus_petite_couverture,Phase_2_pleine
1993-07-22,C0_plus_petite_couverture,1993-07-22_001_004,-16.375,12.625,10.945484161376953,11.266677856445312,-0.021598780527710915,-0.3211936950683594,False,False,moderee,normale,1993,7,22,203,Phase_2_pleine,Pleine saison (Juillet-Aout),Ziguinchor,Zone soudanienne,122.20701,0,plus_petite_couverture,Phase_2_pleine
1993-07-22,C0_plus_petite_couverture,1993-07-22_001_005,-16.125,12.625,14.9058198928833,9.083683013916016,0.5167114734649658,5.822136878967285,False,False,moderee,normale,1993,7,22,203,Phase_2_pleine,Pleine saison (Juillet-Aout),Sédhiou,Zone soudanienne,149.36412,0,plus_petite_couverture,Phase_2_pleine
1993-07-22,C0_plus_petite_couverture,1993-07-22_001_006,-15.875,12.625,13.517441749572754,8.744574546813965,0.44690579175949097,4.772867202758789,False,False,moderee,normale,1993,7,22,203,Phase_2_pleine,Pleine saison (Juillet-Aout),Sédhiou,Zone soudanienne,176.52124,0,plus_petite_couverture,Phase_2_pleine
1993-07-22,C0_plus_petite_couverture,1993-07-22_001_007,-15.625,12.625,12.938813209533691,8.089152336120605,0.43619197607040405,4.849660873413086,False,False,moderee,normale,1993,7,22,203,Phase_2_pleine,Pleine saison (Juillet-Aout),Sédhiou,Zone soudanienne,203.67834,0,plus_petite_couverture,Phase_2_pleine
1993-07-22,C0_plus_petite_couverture,1993-07-22_001_008,-15.375,12.625,15.044020652770996,9.20396900177002,0.48644042015075684,5.840051651000977,False,False,moderee,normale,1993,7,22,203,Phase_2_pleine,Pleine saison (Juillet-Aout),Kolda,Zone soudanienne,230.83545,0,plus_petite_couverture,Phase_2_pleine
1993-07-22,C0_plus_petite_couverture,1993-07-22_001_018,-12.875,12.625,1.3627381324768066,7.299210548400879,-0.7072407603263855,-5.936472415924072,False,False,faible,normale,1993,7,22,203,Phase_2_pleine,Pleine saison (Juillet-Aout),Kédougou,Zone soudanienne,502.40656,0,plus_petite_couverture,Phase_2_pleine
1993-07-22,C0_plus_petite_couverture,1993-07-22_001_019,-12.625,12.625,1.1893330812454224,7.065690040588379,-0.6975818872451782,-5.8763569593429565,False,False,faible,normale,1993,7,22,203,Phase_2_pleine,Pleine saison (Juillet-Aout),Kédougou,Zone soudanienne,529.56366,0,plus_petite_couverture,Phase_2_pleine
1993-07-22,C0_plus_petite_couverture,1993-07-22_001_020,-12.375,12.625,0.9845714569091797,7.606164932250977,-0.746452271938324,-6.621593475341797,False,False,trace,normale,1993,7,22,203,Phase_2_pleine,Pleine saison (Juillet-Aout),Kédougou,Zone soudanienne,556.7208,0,plus_petite_couverture,Phase_2_pleine
1993-07-22,C0_plus_petite_couverture,1993-07-22_001_021,-12.125,12.625,0.8209149241447449,7.9170098304748535,-0.7930580973625183,-7.096094906330109,False,False,trace,normale,1993,7,22,203,Phase_2_pleine,Pleine saison (Juillet-Aout),Kédougou,Zone soudanienne,583.87787,0,plus_petite_couverture,Phase_2_pleine
1993-07-22,C0_plus_petite_couverture,1993-07-22_001_022,-11.875,12.625,0.7769788503646851,7.1017632484436035,-0.7811267971992493,-6.3247843980789185,False,False,trace,normale,1993,7,22,203,Phase_2_pleine,Pleine saison (Juillet-Aout),Kédougou,Zone soudanienne,611.03503,0,plus_petite_couverture,Phase_2_pleine
1993-07-22,C0_plus_petite_couverture,1993-07-22_001_023,-11.625,12.625,1.9567822217941284,7.920860767364502,-0.6300941109657288,-5.9640785455703735,False,False,faible,normale,1993,7,22,203,Phase_2_pleine,Pleine saison (Juillet-Aout),Kédougou,Zone soudanienne,638.19214,0,plus_petite_couverture,Phase_2_pleine
1993-07-22,C0_plus_petite_couverture,1993-07-22_002_003,-16.625,12.875,15.333988189697266,11.075082778930664,0.31224924325942993,4.258905410766602,False,False,moderee,normale,1993,7,22,203,Phase_2_pleine,Pleine saison (Juillet-Aout),Ziguinchor,Zone soudanienne,94.95609,0,plus_petite_couverture,Phase_2_pleine
1993-07-22,C0_plus_petite_couverture,1993-07-22_002_004,-16.375,12.875,16.332059860229492,8.469270706176758,0.7199592590332031,7.862789154052734,False,False,moderee,normale,1993,7,22,203,Phase_2_pleine,Pleine saison (Juillet-Aout),Ziguinchor,Zone soudanienne,122.08641,0,plus_petite_couverture,Phase_2_pleine
1993-07-22,C0_plus_petite_couverture,1993-07-22_002_005,-16.125,12.875,19.39687156677246,7.521490097045898,1.2143771648406982,11.875381469726562,False,False,moderee,humide,1993,7,22,203,Phase_2_pleine,Pleine saison (Juillet-Aout),Sédhiou,Zone soudanienne,149.21672,0,plus_petite_couverture,Phase_2_pleine
1993-07-22,C0_plus_petite_couverture,1993-07-22_002_006,-15.875,12.875,20.479230880737305,7.18361234664917,1.4309167861938477,13.295618534088135,False,True,forte,humide,1993,7,22,203,Phase_2_pleine,Pleine saison (Juillet-Aout),Sédhiou,Zone soudanienne,176.34703,0,plus_petite_couverture,Phase_2_pleine
1993-07-22,C0_plus_petite_couverture,1993-07-22_002_007,-15.625,12.875,22.326560974121094,7.530372142791748,1.4162075519561768,14.796188831329346,False,True,forte,humide,1993,7,22,203,Phase_2_pleine,Pleine saison (Juillet-Aout),Sédhiou,Zone soudanienne,203.47736,0,plus_petite_couverture,Phase_2_pleine
1993-07-22,C0_plus_petite_couverture,1993-07-22_002_008,-15.375,12.875,22.773670196533203,7.599678993225098,1.6071888208389282,15.173991203308105,False,True,forte,humide,1993,7,22,203,Phase_2_pleine,Pleine saison (Juillet-Aout),Kolda,Zone soudanienne,230.60765,0,plus_petite_couverture,Phase_2_pleine
1993-07-22,C0_plus_petite_couverture,1993-07-22_002_009,-15.125,12.875,13.99003791809082,7.853344440460205,0.6694822907447815,6.136693477630615,False,False,moderee,normale,1993,7,22,203,Phase_2_pleine,Pleine saison (Juillet-Aout),Kolda,Zone soudanienne,257.73798,0,plus_petite_couverture,Phase_2_pleine
1993-07-22,C0_plus_petite_couverture,1993-07-22_002_010,-14.875,12.875,13.003068923950195,7.799467086791992,0.5551784634590149,5.203601837158203,False,False,moderee,normale,1993,7,22,203,Phase_2_pleine,Pleine saison (Juillet-Aout),Kolda,Zone soudanienne,284.8683,0,plus_petite_couverture,Phase_2_pleine
1993-07-22,C0_plus_petite_couverture,1993-07-22_002_011,-14.625,12.875,4.014845371246338,7.517944812774658,-0.3829355835914612,-3.5030994415283203,False,False,faible,normale,1993,7,22,203,Phase_2_pleine,Pleine saison (Juillet-Aout),Kolda,Zone soudanienne,311.9986,0,plus_petite_couverture,Phase_2_pleine
1993-07-22,C0_plus_petite_couverture,1993-07-22_002_012,-14.375,12.875,3.554687261581421,7.301471710205078,-0.4237114191055298,-3.7467844486236572,False,False,faible,normale,1993,7,22,203,Phase_2_pleine,Pleine saison (Juillet-Aout),Kolda,Zone soudanienne,339.1289,0,plus_petite_couverture,Phase_2_pleine
1993-07-22,C0_plus_petite_couverture,1993-07-22_002_013,-14.125,12.875,1.3930306434631348,6.205560207366943,-0.6187695860862732,-4.812529563903809,False,False,faible,normale,1993,7,22,203,Phase_2_pleine,Pleine saison (Juillet-Aout),Kolda,Zone soudanienne,366.25922,0,plus_petite_couverture,Phase_2_pleine
1993-07-22,C0_plus_petite_couverture,1993-07-22_002_014,-13.875,12.875,1.3956761360168457,5.671854019165039,-0.5724375247955322,-4.276177883148193,False,False,faible,normale,1993,7,22,203,Phase_2_pleine,Pleine saison (Juillet-Aout),Tambacounda,Zone soudanienne,393.38953,0,plus_petite_couverture,Phase_2_pleine
1993-07-22,C0_plus_petite_couverture,1993-07-22_002_015,-13.625,12.875,1.5204616785049438,5.255846977233887,-0.6337193846702576,-3.735385298728943,False,False,faible,normale,1993,7,22,203,Phase_2_pleine,Pleine saison (Juillet-Aout),Tambacounda,Zone soudanienne,420.51984,0,plus_petite_couverture,Phase_2_pleine
1993-07-22,C0_plus_petite_couverture,1993-07-22_002_016,-13.375,12.875,1.1302119493484497,4.475577354431152,-0.6685282588005066,-3.3453654050827026,False,False,faible,normale,1993,7,22,203,Phase_2_pleine,Pleine saison (Juillet-Aout),Tambacounda,Zone soudanienne,447.65018,0,plus_petite_couverture,Phase_2_pleine
1993-07-22,C0_plus_petite_couverture,1993-07-22_002_017,-13.125,12.875,1.9870288372039795,5.278957366943359,-0.5183236598968506,-3.29192852973938,False,False,faible,normale,1993,7,22,203,Phase_2_pleine,Pleine saison (Juillet-Aout),Kédougou,Zone soudanienne,474.78046,0,plus_petite_couverture,Phase_2_pleine
1993-07-22,C0_plus_petite_couverture,1993-07-22_002_018,-12.875,12.875,2.446507215499878,6.209403991699219,-0.48235663771629333,-3.762896776199341,False,False,faible,normale,1993,7,22,203,Phase_2_pleine,Pleine saison (Juillet-Aout),Kédougou,Zone soudanienne,501.91077,0,plus_petite_couverture,Phase_2_pleine
1993-07-22,C0_plus_petite_couverture,1993-07-22_002_019,-12.625,12.875,2.2247304916381836,6.25700044631958,-0.5437501668930054,-4.0322699546813965,False,False,faible,normale,1993,7,22,203,Phase_2_pleine,Pleine saison (Juillet-Aout),Kédougou,Zone soudanienne,529.0411,0,plus_petite_couverture,Phase_2_pleine
1993-07-22,C0_plus_petite_couverture,1993-07-22_002_020,-12.375,12.875,1.9278393983840942,6.626784324645996,-0.5772287249565125,-4.698944926261902,False,False,faible,normale,1993,7,22,203,Phase_2_pleine,Pleine saison (Juillet-Aout),Kédougou,Zone soudanienne,556.17145,0,plus_petite_couverture,Phase_2_pleine
1993-07-22,C0_plus_petite_couverture,1993-07-22_002_021,-12.125,12.875,1.1226282119750977,6.394045829772949,-0.6576956510543823,-5.271417617797852,False,False,faible,normale,1993,7,22,203,Phase_2_pleine,Pleine saison (Juillet-Aout),Kédougou,Zone soudanienne,583.3017,0,plus_petite_couverture,Phase_2_pleine
1993-07-22,C0_plus_petite_couverture,1993-07-22_002_022,-11.875,12.875,1.2092121839523315,6.4816575050354,-0.6695643663406372,-5.272445321083069,False,False,faible,normale,1993,7,22,203,Phase_2_pleine,Pleine saison (Juillet-Aout),Kédougou,Zone soudanienne,610.432,0,plus_petite_couverture,Phase_2_pleine
1993-07-22,C0_plus_petite_couverture,1993-07-22_002_023,-11.625,12.875,2.3874382972717285,6.175796985626221,-0.46874669194221497,-3.788358688354492,False,False,faible,normale,1993,7,22,203,Phase_2_pleine,Pleine saison (Juillet-Aout),Kédougou,Zone soudanienne,637.5624,0,plus_petite_couverture,Phase_2_pleine
1993-07-22,C0_plus_petite_couverture,1993-07-22_003_003,-16.625,13.125,15.470330238342285,8.021929740905762,0.6275904178619385,7.448400497436523,False,False,moderee,normale,1993,7,22,203,Phase_2_pleine,Pleine saison (Juillet-Aout),Ziguinchor,Zone soudanienne,94.86048,0,plus_petite_couverture,Phase_2_pleine
1993-07-22,C0_plus_petite_couverture,1993-07-22_003_004,-16.375,13.125,18.103717803955078,8.135080337524414,0.8060533404350281,9.968637466430664,False,False,moderee,normale,1993,7,22,203,Phase_2_pleine,Pleine saison (Juillet-Aout),Ziguinchor,Zone soudanienne,121.96348,0,plus_petite_couverture,Phase_2_pleine
1993-07-22,C0_plus_petite_couverture,1993-07-22_003_005,-16.125,13.125,30.2821044921875,8.017205238342285,1.969046950340271,22.264899253845215,False,True,forte,humide,1993,7,22,203,Phase_2_pleine,Pleine saison (Juillet-Aout),Sédhiou,Zone soudanienne,149.06648,0,plus_petite_couverture,Phase_2_pleine
1993-07-22,C0_plus_petite_couverture,1993-07-22_003_006,-15.875,13.125,34.95167922973633,7.230700969696045,2.6627345085144043,27.720978260040283,True,True,forte,tres humide,1993,7,22,203,Phase_2_pleine,Pleine saison (Juillet-Aout),Sédhiou,Zone soudanienne,176.16948,0,plus_petite_couverture,Phase_2_pleine
1993-07-22,C0_plus_petite_couverture,1993-07-22_003_007,-15.625,13.125,37.612823486328125,7.224294185638428,2.805525302886963,30.388529300689697,True,True,forte,tres humide,1993,7,22,203,Phase_2_pleine,Pleine saison (Juillet-Aout),Sédhiou,Zone soudanienne,203.27248,0,plus_petite_couverture,Phase_2_pleine
1993-07-22,C0_plus_petite_couverture,1993-07-22_003_008,-15.375,13.125,34.29171371459961,6.892169952392578,2.6218981742858887,27.39954376220703,True,True,forte,tres humide,1993,7,22,203,Phase_2_pleine,Pleine saison (Juillet-Aout),Kolda,Zone soudanienne,230.37546,0,plus_petite_couverture,Phase_2_pleine
1993-07-22,C0_plus_petite_couverture,1993-07-22_003_009,-15.125,13.125,18.564363479614258,7.242271423339844,1.1492468118667603,11.322092056274414,False,False,moderee,humide,1993,7,22,203,Phase_2_pleine,Pleine saison (Juillet-Aout),Kolda,Zone soudanienne,257.47845,0,plus_petite_couverture,Phase_2_pleine
1993-07-22,C0_plus_petite_couverture,1993-07-22_003_010,-14.875,13.125,19.710630416870117,8.031378746032715,1.211135983467102,11.679251670837402,False,False,moderee,humide,1993,7,22,203,Phase_2_pleine,Pleine saison (Juillet-Aout),Kolda,Zone soudanienne,284.58145,0,plus_petite_couverture,Phase_2_pleine
1993-07-22,C0_plus_petite_couverture,1993-07-22_003_011,-14.625,13.125,5.304945468902588,7.132879257202148,-0.22537602484226227,-1.8279337882995605,False,False,moderee,normale,1993,7,22,203,Phase_2_pleine,Pleine saison (Juillet-Aout),Kolda,Zone soudanienne,311.68445,0,plus_petite_couverture,Phase_2_pleine
1993-07-22,C0_plus_petite_couverture,1993-07-22_003_012,-14.375,13.125,4.772183418273926,6.022453308105469,-0.17272035777568817,-1.250269889831543,False,False,faible,normale,1993,7,22,203,Phase_2_pleine,Pleine saison (Juillet-Aout),Tambacounda,Zone soudanienne,338.78745,0,plus_petite_couverture,Phase_2_pleine
1993-07-22,C0_plus_petite_couverture,1993-07-22_003_013,-14.125,13.125,1.7836025953292847,5.280795574188232,-0.536620557308197,-3.4971929788589478,False,False,faible,normale,1993,7,22,203,Phase_2_pleine,Pleine saison (Juillet-Aout),Tambacounda,Zone soudanienne,365.89044,0,plus_petite_couverture,Phase_2_pleine
1993-07-22,C0_plus_petite_couverture,1993-07-22_003_014,-13.875,13.125,1.303749442100525,5.217995643615723,-0.6456994414329529,-3.9142462015151978,False,False,faible,normale,1993,7,22,203,Phase_2_pleine,Pleine saison (Juillet-Aout),Tambacounda,Zone soudanienne,392.99344,0,plus_petite_couverture,Phase_2_pleine
1993-07-22,C0_plus_petite_couverture,1993-07-22_003_015,-13.625,13.125,2.1319656372070312,4.717056751251221,-0.4343203902244568,-2.5850911140441895,False,False,faible,normale,1993,7,22,203,Phase_2_pleine,Pleine saison (Juillet-Aout),Tambacounda,Zone soudanienne,420.09644,0,plus_petite_couverture,Phase_2_pleine
1993-07-22,C0_plus_petite_couverture,1993-07-22_003_016,-13.375,13.125,2.4397058486938477,4.817307949066162,-0.38439878821372986,-2.3776021003723145,False,False,faible,normale,1993,7,22,203,Phase_2_pleine,Pleine saison (Juillet-Aout),Tambacounda,Zone soudanienne,447.19943,0,plus_petite_couverture,Phase_2_pleine
1993-07-22,C0_plus_petite_couverture,1993-07-22_003_017,-13.125,13.125,3.3623714447021484,4.8044023513793945,-0.23466122150421143,-1.442030906677246,False,False,faible,normale,1993,7,22,203,Phase_2_pleine,Pleine saison (Juillet-Aout),Tambacounda,Zone soudanienne,474.30243,0,plus_petite_couverture,Phase_2_pleine
1993-07-22,C0_plus_petite_couverture,1993-07-22_003_018,-12.875,13.125,5.465360164642334,5.29066801071167,0.025429490953683853,0.17469215393066406,False,False,moderee,normale,1993,7,22,203,Phase_2_pleine,Pleine saison (Juillet-Aout),Tambacounda,Zone soudanienne,501.4054,0,plus_petite_couverture,Phase_2_pleine
1993-07-22,C0_plus_petite_couverture,1993-07-22_003_019,-12.625,13.125,4.537903308868408,5.23647928237915,-0.10438674688339233,-0.6985759735107422,False,False,faible,normale,1993,7,22,203,Phase_2_pleine,Pleine saison (Juillet-Aout),Tambacounda,Zone soudanienne,528.5084,0,plus_petite_couverture,Phase_2_pleine
1993-07-22,C0_plus_petite_couverture,1993-07-22_003_020,-12.375,13.125,3.5053653717041016,5.209230422973633,-0.2608219087123871,-1.7038650512695312,False,False,faible,normale,1993,7,22,203,Phase_2_pleine,Pleine saison (Juillet-Aout),Tambacounda,Zone soudanienne,555.61145,0,plus_petite_couverture,Phase_2_pleine
1993-07-22,C0_plus_petite_couverture,1993-07-22_003_021,-12.125,13.125,1.5924668312072754,5.840202331542969,-0.5702484846115112,-4.247735500335693,False,False,faible,normale,1993,7,22,203,Phase_2_pleine,Pleine saison (Juillet-Aout),Tambacounda,Zone soudanienne,582.71436,0,plus_petite_couverture,Phase_2_pleine
1993-07-22,C0_plus_petite_couverture,1993-07-22_003_022,-11.875,13.125,1.9473873376846313,5.546597003936768,-0.5301075577735901,-3.5992096662521362,False,False,faible,normale,1993,7,22,203,Phase_2_pleine,Pleine saison (Juillet-Aout),Tambacounda,Zone soudanienne,609.8174,0,plus_petite_couverture,Phase_2_pleine
1993-07-22,C0_plus_petite_couverture,1993-07-22_003_023,-11.625,13.125,3.4047863483428955,5.609012126922607,-0.28664708137512207,-2.204225778579712,False,False,faible,normale,1993,7,22,203,Phase_2_pleine,Pleine saison (Juillet-Aout),Tambacounda,Zone soudanienne,636.9204,0,plus_petite_couverture,Phase_2_pleine
1993-07-22,C0_plus_petite_couverture,1993-07-22_004_009,-15.125,13.375,29.470996856689453,8.241162300109863,1.68110191822052,21.22983455657959,False,True,forte,humide,1993,7,22,203,Phase_2_pleine,Pleine saison (Juillet-Aout),Kolda,Zone soudanienne,257.21408,0,plus_petite_couverture,Phase_2_pleine
1993-07-22,C0_plus_petite_couverture,1993-07-22_004_010,-14.875,13.375,29.26321029663086,7.805492401123047,1.9280362129211426,21.457717895507812,False,True,forte,humide,1993,7,22,203,Phase_2_pleine,Pleine saison (Juillet-Aout),Kolda,Zone soudanienne,284.2892,0,plus_petite_couverture,Phase_2_pleine
1993-07-22,C0_plus_petite_couverture,1993-07-22_004_015,-13.625,13.375,4.536133289337158,3.9998488426208496,0.09913957864046097,0.5362844467163086,False,False,faible,normale,1993,7,22,203,Phase_2_pleine,Pleine saison (Juillet-Aout),Tambacounda,Zone soudanienne,419.66504,0,plus_petite_couverture,Phase_2_pleine
1993-07-22,C0_plus_petite_couverture,1993-07-22_004_016,-13.375,13.375,4.965112686157227,3.9312171936035156,0.18690262734889984,1.033895492553711,False,False,faible,normale,1993,7,22,203,Phase_2_pleine,Pleine saison (Juillet-Aout),Tambacounda,Zone soudanienne,446.7402,0,plus_petite_couverture,Phase_2_pleine
1993-07-22,C0_plus_petite_couverture,1993-07-22_004_017,-13.125,13.375,7.21586799621582,4.305302143096924,0.5067001581192017,2.9105658531188965,False,False,moderee,normale,1993,7,22,203,Phase_2_pleine,Pleine saison (Juillet-Aout),Tambacounda,Zone soudanienne,473.81537,0,plus_petite_couverture,Phase_2_pleine
1993-07-22,C0_plus_petite_couverture,1993-07-22_004_018,-12.875,13.375,8.230698585510254,4.247803211212158,0.7194995880126953,3.9828953742980957,False,False,moderee,normale,1993,7,22,203,Phase_2_pleine,Pleine saison (Juillet-Aout),Tambacounda,Zone soudanienne,500.89053,0,plus_petite_couverture,Phase_2_pleine
1993-07-22,C0_plus_petite_couverture,1993-07-22_004_019,-12.625,13.375,7.615084648132324,4.527127742767334,0.5586968064308167,3.0879569053649902,False,False,moderee,normale,1993,7,22,203,Phase_2_pleine,Pleine saison (Juillet-Aout),Tambacounda,Zone soudanienne,527.9657,0,plus_petite_couverture,Phase_2_pleine
1993-07-22,C0_plus_petite_couverture,1993-07-22_004_020,-12.375,13.375,5.9122514724731445,4.716333389282227,0.20363718271255493,1.195918083190918,False,False,moderee,normale,1993,7,22,203,Phase_2_pleine,Pleine saison (Juillet-Aout),Tambacounda,Zone soudanienne,555.0409,0,plus_petite_couverture,Phase_2_pleine
1993-07-22,C0_plus_petite_couverture,1993-07-22_004_021,-12.125,13.375,2.2976415157318115,4.278936862945557,-0.32927319407463074,-1.9812953472137451,False,False,faible,normale,1993,7,22,203,Phase_2_pleine,Pleine saison (Juillet-Aout),Tambacounda,Zone soudanienne,582.116,0,plus_petite_couverture,Phase_2_pleine
1993-07-22,C0_plus_petite_couverture,1993-07-22_004_022,-11.875,13.375,3.012580633163452,4.672857284545898,-0.2705593407154083,-1.6602766513824463,False,False,faible,normale,1993,7,22,203,Phase_2_pleine,Pleine saison (Juillet-Aout),Tambacounda,Zone soudanienne,609.19116,0,plus_petite_couverture,Phase_2_pleine
1993-07-22,C0_plus_petite_couverture,1993-07-22_004_023,-11.625,13.375,4.395549774169922,4.698349475860596,-0.04739999771118164,-0.30279970169067383,False,False,faible,normale,1993,7,22,203,Phase_2_pleine,Pleine saison (Juillet-Aout),Tambacounda,Zone soudanienne,636.26636,0,plus_petite_couverture,Phase_2_pleine
1993-07-22,C0_plus_petite_couverture,1993-07-22_005_004,-16.375,13.625,14.343016624450684,5.80113410949707,0.8272106051445007,8.541882514953613,False,False,moderee,normale,1993,7,22,203,Phase_2_pleine,Pleine saison (Juillet-Aout),Kaolack,Zone soudano-sahélienne,121.71068,0,plus_petite_couverture,Phase_2_pleine
1993-07-22,C0_plus_petite_couverture,1993-07-22_005_005,-16.125,13.625,26.203401565551758,5.804164886474609,2.148658275604248,20.39923667907715,True,True,forte,tres humide,1993,7,22,203,Phase_2_pleine,Pleine saison (Juillet-Aout),Kaolack,Zone soudano-sahélienne,148.75749,0,plus_petite_couverture,Phase_2_pleine
1993-07-22,C0_plus_petite_couverture,1993-07-22_005_006,-15.875,13.625,35.66726303100586,6.063633918762207,2.7875967025756836,29.603629112243652,True,True,forte,tres humide,1993,7,22,203,Phase_2_pleine,Pleine saison (Juillet-Aout),Kaffrine,Zone soudano-sahélienne,175.80432,0,plus_petite_couverture,Phase_2_pleine
1993-07-22,C0_plus_petite_couverture,1993-07-22_005_007,-15.625,13.625,56.40901184082031,6.764713764190674,3.80782413482666,49.64429807662964,True,True,tres forte,exceptionnelle,1993,7,22,203,Phase_2_pleine,Pleine saison (Juillet-Aout),Kaffrine,Zone soudano-sahélienne,202.85114,0,plus_petite_couverture,Phase_2_pleine
1993-07-22,C0_plus_petite_couverture,1993-07-22_005_012,-14.375,13.625,16.759822845458984,5.345458507537842,1.4274768829345703,11.414364337921143,False,False,moderee,humide,1993,7,22,203,Phase_2_pleine,Pleine saison (Juillet-Aout),Tambacounda,Zone soudano-sahélienne,338.0852,0,plus_petite_couverture,Phase_2_pleine
1993-07-22,C0_plus_petite_couverture,1993-07-22_005_013,-14.125,13.625,6.029567241668701,4.142465591430664,0.2900546193122864,1.887101650238037,False,False,moderee,normale,1993,7,22,203,Phase_2_pleine,Pleine saison (Juillet-Aout),Tambacounda,Zone soudano-sahélienne,365.13202,0,plus_petite_couverture,Phase_2_pleine
1993-07-22,C0_plus_petite_couverture,1993-07-22_005_014,-13.875,13.625,3.92671275138855,3.9135196208953857,0.0022816061973571777,0.013193130493164062,False,False,faible,normale,1993,7,22,203,Phase_2_pleine,Pleine saison (Juillet-Aout),Tambacounda,Zone soudano-sahélienne,392.17886,0,plus_petite_couverture,Phase_2_pleine
1993-07-22,C0_plus_petite_couverture,1993-07-22_005_015,-13.625,13.625,8.061431884765625,3.952054023742676,0.7049975395202637,4.109377861022949,False,False,moderee,normale,1993,7,22,203,Phase_2_pleine,Pleine saison (Juillet-Aout),Tambacounda,Zone soudano-sahélienne,419.22565,0,plus_petite_couverture,Phase_2_pleine
1993-07-22,C0_plus_petite_couverture,1993-07-22_005_016,-13.375,13.625,9.218476295471191,4.012366771697998,0.8432019948959351,5.206109523773193,False,False,moderee,normale,1993,7,22,203,Phase_2_pleine,Pleine saison (Juillet-Aout),Tambacounda,Zone soudano-sahélienne,446.2725,0,plus_petite_couverture,Phase_2_pleine
1993-07-22,C0_plus_petite_couverture,1993-07-22_005_017,-13.125,13.625,8.861300468444824,3.994392156600952,0.8577821850776672,4.866908311843872,False,False,moderee,normale,1993,7,22,203,Phase_2_pleine,Pleine saison (Juillet-Aout),Tambacounda,Zone soudano-sahélienne,473.3193,0,plus_petite_couverture,Phase_2_pleine
1993-07-22,C0_plus_petite_couverture,1993-07-22_005_018,-12.875,13.625,8.875415802001953,3.645599603652954,1.006927490234375,5.229816198348999,False,False,moderee,humide,1993,7,22,203,Phase_2_pleine,Pleine saison (Juillet-Aout),Tambacounda,Zone soudano-sahélienne,500.3661,0,plus_petite_couverture,Phase_2_pleine
1993-07-22,C0_plus_petite_couverture,1993-07-22_005_019,-12.625,13.625,7.884081840515137,3.7171196937561035,0.8557860255241394,4.166962146759033,False,False,moderee,normale,1993,7,22,203,Phase_2_pleine,Pleine saison (Juillet-Aout),Tambacounda,Zone soudano-sahélienne,527.4129,0,plus_petite_couverture,Phase_2_pleine
1993-07-22,C0_plus_petite_couverture,1993-07-22_005_020,-12.375,13.625,5.392014026641846,3.6932015419006348,0.36488232016563416,1.698812484741211,False,False,moderee,normale,1993,7,22,203,Phase_2_pleine,Pleine saison (Juillet-Aout),Tambacounda,Zone soudano-sahélienne,554.4598,0,plus_petite_couverture,Phase_2_pleine
1993-07-22,C0_plus_petite_couverture,1993-07-22_005_021,-12.125,13.625,5.921757221221924,3.940709352493286,0.37256938219070435,1.9810478687286377,False,False,moderee,normale,1993,7,22,203,Phase_2_pleine,Pleine saison (Juillet-Aout),Tambacounda,Zone soudano-sahélienne,581.50653,0,plus_petite_couverture,Phase_2_pleine
1993-07-22,C0_plus_petite_couverture,1993-07-22_006_003,-16.625,13.875,18.900325775146484,7.036257743835449,0.9439359903335571,11.864068031311035,False,False,moderee,normale,1993,7,22,203,Phase_2_pleine,Pleine saison (Juillet-Aout),Fatick,Zone soudano-sahélienne,94.562836,0,plus_petite_couverture,Phase_2_pleine
1993-07-22,C0_plus_petite_couverture,1993-07-22_006_004,-16.375,13.875,20.697998046875,5.833364963531494,1.3917512893676758,14.864633083343506,False,True,forte,humide,1993,7,22,203,Phase_2_pleine,Pleine saison (Juillet-Aout),Fatick,Zone soudano-sahélienne,121.580795,0,plus_petite_couverture,Phase_2_pleine
1993-07-22,C0_plus_petite_couverture,1993-07-22_006_005,-16.125,13.875,31.896791458129883,5.630042552947998,2.8625216484069824,26.266748905181885,True,True,forte,tres humide,1993,7,22,203,Phase_2_pleine,Pleine saison (Juillet-Aout),Fatick,Zone soudano-sahélienne,148.59875,0,plus_petite_couverture,Phase_2_pleine
1993-07-22,C0_plus_petite_couverture,1993-07-22_006_006,-15.875,13.875,45.69647979736328,6.297318458557129,3.8720710277557373,39.39916133880615,True,True,forte,exceptionnelle,1993,7,22,203,Phase_2_pleine,Pleine saison (Juillet-Aout),Kaolack,Zone soudano-sahélienne,175.6167,0,plus_petite_couverture,Phase_2_pleine
1993-07-22,C0_plus_petite_couverture,1993-07-22_006_007,-15.625,13.875,68.52877807617188,7.659301280975342,4.183022975921631,60.86947679519653,True,True,tres forte,exceptionnelle,1993,7,22,203,Phase_2_pleine,Pleine saison (Juillet-Aout),Kaolack,Zone soudano-sahélienne,202.63466,0,plus_petite_couverture,Phase_2_pleine
1993-07-22,C0_plus_petite_couverture,1993-07-22_006_008,-15.375,13.875,56.748191833496094,7.594261646270752,3.679525852203369,49.15393018722534,True,True,tres forte,exceptionnelle,1993,7,22,203,Phase_2_pleine,Pleine saison (Juillet-Aout),Kaffrine,Zone soudano-sahélienne,229.6526,0,plus_petite_couverture,Phase_2_pleine
1993-07-22,C0_plus_petite_couverture,1993-07-22_006_009,-15.125,13.875,41.74009323120117,6.770140171051025,3.108372449874878,34.96995306015015,True,True,forte,exceptionnelle,1993,7,22,203,Phase_2_pleine,Pleine saison (Juillet-Aout),Kaffrine,Zone soudano-sahélienne,256.67056,0,plus_petite_couverture,Phase_2_pleine
1993-07-22,C0_plus_petite_couverture,1993-07-22_006_010,-14.875,13.875,58.534202575683594,6.945629596710205,4.01669979095459,51.58857297897339,True,True,tres forte,exceptionnelle,1993,7,22,203,Phase_2_pleine,Pleine saison (Juillet-Aout),Kaffrine,Zone soudano-sahélienne,283.6885,0,plus_petite_couverture,Phase_2_pleine
1993-07-22,C0_plus_petite_couverture,1993-07-22_006_011,-14.625,13.875,26.88103485107422,5.5489277839660645,2.4250824451446533,21.332107067108154,True,True,forte,tres humide,1993,7,22,203,Phase_2_pleine,Pleine saison (Juillet-Aout),Kaffrine,Zone soudano-sahélienne,310.70648,0,plus_petite_couverture,Phase_2_pleine
1993-07-22,C0_plus_petite_couverture,1993-07-22_006_012,-14.375,13.875,26.165294647216797,5.20055627822876,2.459455728530884,20.964738368988037,True,True,forte,tres humide,1993,7,22,203,Phase_2_pleine,Pleine saison (Juillet-Aout),Tambacounda,Zone soudano-sahélienne,337.72443,0,plus_petite_couverture,Phase_2_pleine
1993-07-22,C0_plus_petite_couverture,1993-07-22_006_013,-14.125,13.875,9.642843246459961,4.449174880981445,0.6888568997383118,5.193668365478516,False,False,moderee,normale,1993,7,22,203,Phase_2_pleine,Pleine saison (Juillet-Aout),Tambacounda,Zone soudano-sahélienne,364.74237,0,plus_petite_couverture,Phase_2_pleine
1993-07-22,C0_plus_petite_couverture,1993-07-22_006_014,-13.875,13.875,6.633649826049805,3.9479610919952393,0.44526058435440063,2.6856887340545654,False,False,moderee,normale,1993,7,22,203,Phase_2_pleine,Pleine saison (Juillet-Aout),Tambacounda,Zone soudano-sahélienne,391.76035,0,plus_petite_couverture,Phase_2_pleine
1993-07-22,C0_plus_petite_couverture,1993-07-22_006_015,-13.625,13.875,12.276254653930664,4.151546001434326,1.2910062074661255,8.124708652496338,False,False,moderee,humide,1993,7,22,203,Phase_2_pleine,Pleine saison (Juillet-Aout),Tambacounda,Zone soudano-sahélienne,418.7783,0,plus_petite_couverture,Phase_2_pleine
1993-07-22,C0_plus_petite_couverture,1993-07-22_006_016,-13.375,13.875,14.817535400390625,4.423479080200195,1.6903009414672852,10.39405632019043,False,False,moderee,humide,1993,7,22,203,Phase_2_pleine,Pleine saison (Juillet-Aout),Tambacounda,Zone soudano-sahélienne,445.79623,0,plus_petite_couverture,Phase_2_pleine
1993-07-22,C0_plus_petite_couverture,1993-07-22_006_017,-13.125,13.875,10.53967571258545,4.077385425567627,1.1335232257843018,6.462290287017822,False,False,moderee,humide,1993,7,22,203,Phase_2_pleine,Pleine saison (Juillet-Aout),Tambacounda,Zone soudano-sahélienne,472.81418,0,plus_petite_couverture,Phase_2_pleine
1993-07-22,C0_plus_petite_couverture,1993-07-22_006_018,-12.875,13.875,9.685443878173828,3.586561679840088,1.1770342588424683,6.09888219833374,False,False,moderee,humide,1993,7,22,203,Phase_2_pleine,Pleine saison (Juillet-Aout),Tambacounda,Zone soudano-sahélienne,499.83212,0,plus_petite_couverture,Phase_2_pleine
1993-07-22,C0_plus_petite_couverture,1993-07-22_006_019,-12.625,13.875,8.693723678588867,3.202183485031128,1.172785997390747,5.491540193557739,False,False,moderee,humide,1993,7,22,203,Phase_2_pleine,Pleine saison (Juillet-Aout),Tambacounda,Zone soudano-sahélienne,526.8501,0,plus_petite_couverture,Phase_2_pleine
1993-07-22,C0_plus_petite_couverture,1993-07-22_006_020,-12.375,13.875,7.135250091552734,3.6286919116973877,0.7380344867706299,3.5065581798553467,False,False,moderee,normale,1993,7,22,203,Phase_2_pleine,Pleine saison (Juillet-Aout),Tambacounda,Zone soudano-sahélienne,553.86804,0,plus_petite_couverture,Phase_2_pleine
1993-07-22,C0_plus_petite_couverture,1993-07-22_006_021,-12.125,13.875,10.346670150756836,3.462557315826416,1.5327969789505005,6.88411283493042,False,False,moderee,humide,1993,7,22,203,Phase_2_pleine,Pleine saison (Juillet-Aout),Tambacounda,Zone soudano-sahélienne,580.886,0,plus_petite_couverture,Phase_2_pleine
1993-07-22,C0_plus_petite_couverture,1993-07-22_007_003,-16.625,14.125,9.223053932189941,5.5257649421691895,0.3975605070590973,3.697288990020752,False,False,moderee,normale,1993,7,22,203,Phase_2_pleine,Pleine saison (Juillet-Aout),Fatick,Zone soudano-sahélienne,94.460014,0,plus_petite_couverture,Phase_2_pleine
1993-07-22,C0_plus_petite_couverture,1993-07-22_007_004,-16.375,14.125,10.477485656738281,4.936470031738281,0.5863761901855469,5.541015625,False,False,moderee,normale,1993,7,22,203,Phase_2_pleine,Pleine saison (Juillet-Aout),Fatick,Zone soudano-sahélienne,121.44859,0,plus_petite_couverture,Phase_2_pleine
1993-07-22,C0_plus_petite_couverture,1993-07-22_007_005,-16.125,14.125,24.963607788085938,4.963572025299072,2.1962366104125977,20.000035762786865,True,True,forte,tres humide,1993,7,22,203,Phase_2_pleine,Pleine saison (Juillet-Aout),Fatick,Zone soudano-sahélienne,148.43718,0,plus_petite_couverture,Phase_2_pleine
1993-07-22,C0_plus_petite_couverture,1993-07-22_007_006,-15.875,14.125,27.769838333129883,4.906426906585693,2.694211959838867,22.86341142654419,True,True,forte,tres humide,1993,7,22,203,Phase_2_pleine,Pleine saison (Juillet-Aout),Kaolack,Zone soudano-sahélienne,175.42575,0,plus_petite_couverture,Phase_2_pleine
1993-07-22,C0_plus_petite_couverture,1993-07-22_007_007,-15.625,14.125,43.968021392822266,5.385458469390869,3.7656137943267822,38.5825629234314,True,True,forte,exceptionnelle,1993,7,22,203,Phase_2_pleine,Pleine saison (Juillet-Aout),Kaolack,Zone soudano-sahélienne,202.41434,0,plus_petite_couverture,Phase_2_pleine
1993-07-22,C0_plus_petite_couverture,1993-07-22_007_008,-15.375,14.125,41.5504264831543,5.565609455108643,3.4100356101989746,35.984817028045654,True,True,forte,exceptionnelle,1993,7,22,203,Phase_2_pleine,Pleine saison (Juillet-Aout),Kaffrine,Zone soudano-sahélienne,229.4029,0,plus_petite_couverture,Phase_2_pleine
1993-07-22,C0_plus_petite_couverture,1993-07-22_007_009,-15.125,14.125,36.14730453491211,5.603374481201172,3.022740602493286,30.543930053710938,True,True,forte,exceptionnelle,1993,7,22,203,Phase_2_pleine,Pleine saison (Juillet-Aout),Kaffrine,Zone soudano-sahélienne,256.39148,0,plus_petite_couverture,Phase_2_pleine
1993-07-22,C0_plus_petite_couverture,1993-07-22_007_010,-14.875,14.125,42.5540885925293,5.557074069976807,3.6477813720703125,36.99701452255249,True,True,forte,exceptionnelle,1993,7,22,203,Phase_2_pleine,Pleine saison (Juillet-Aout),Kaffrine,Zone soudano-sahélienne,283.38007,0,plus_petite_couverture,Phase_2_pleine
1993-07-22,C0_plus_petite_couverture,1993-07-22_007_011,-14.625,14.125,22.852197647094727,4.236731052398682,2.5034313201904297,18.615466594696045,True,True,forte,tres humide,1993,7,22,203,Phase_2_pleine,Pleine saison (Juillet-Aout),Kaffrine,Zone soudano-sahélienne,310.36865,0,plus_petite_couverture,Phase_2_pleine
1993-07-22,C0_plus_petite_couverture,1993-07-22_007_012,-14.375,14.125,25.919530868530273,4.31987190246582,2.8982927799224854,21.599658966064453,True,True,forte,tres humide,1993,7,22,203,Phase_2_pleine,Pleine saison (Juillet-Aout),Tambacounda,Zone soudano-sahélienne,337.3572,0,plus_petite_couverture,Phase_2_pleine
1993-07-22,C0_plus_petite_couverture,1993-07-22_007_013,-14.125,14.125,11.376518249511719,4.15889310836792,1.0733698606491089,7.217625141143799,False,False,moderee,humide,1993,7,22,203,Phase_2_pleine,Pleine saison (Juillet-Aout),Tambacounda,Zone soudano-sahélienne,364.34576,0,plus_petite_couverture,Phase_2_pleine
1993-07-22,C0_plus_petite_couverture,1993-07-22_007_014,-13.875,14.125,8.138446807861328,3.4704232215881348,0.8399553894996643,4.668023586273193,False,False,moderee,normale,1993,7,22,203,Phase_2_pleine,Pleine saison (Juillet-Aout),Tambacounda,Zone soudano-sahélienne,391.33438,0,plus_petite_couverture,Phase_2_pleine
1993-07-22,C0_plus_petite_couverture,1993-07-22_007_015,-13.625,14.125,7.201424598693848,3.374157667160034,0.6927419304847717,3.8272669315338135,False,False,moderee,normale,1993,7,22,203,Phase_2_pleine,Pleine saison (Juillet-Aout),Tambacounda,Zone soudano-sahélienne,418.32294,0,plus_petite_couverture,Phase_2_pleine
1993-07-22,C0_plus_petite_couverture,1993-07-22_007_016,-13.375,14.125,8.666788101196289,3.722994089126587,0.9344243407249451,4.943794012069702,False,False,moderee,normale,1993,7,22,203,Phase_2_pleine,Pleine saison (Juillet-Aout),Tambacounda,Zone soudano-sahélienne,445.31152,0,plus_petite_couverture,Phase_2_pleine
1993-07-22,C0_plus_petite_couverture,1993-07-22_007_017,-13.125,14.125,6.467467784881592,3.6274254322052,0.5482397079467773,2.8400423526763916,False,False,moderee,normale,1993,7,22,203,Phase_2_pleine,Pleine saison (Juillet-Aout),Tambacounda,Zone soudano-sahélienne,472.30008,0,plus_petite_couverture,Phase_2_pleine
1993-07-22,C0_plus_petite_couverture,1993-07-22_007_018,-12.875,14.125,6.415974140167236,3.524613857269287,0.49527400732040405,2.891360282897949,False,False,moderee,normale,1993,7,22,203,Phase_2_pleine,Pleine saison (Juillet-Aout),Tambacounda,Zone soudano-sahélienne,499.28867,0,plus_petite_couverture,Phase_2_pleine
1993-07-22,C0_plus_petite_couverture,1993-07-22_007_019,-12.625,14.125,10.05354118347168,3.46005916595459,1.285143256187439,6.59348201751709,False,False,moderee,humide,1993,7,22,203,Phase_2_pleine,Pleine saison (Juillet-Aout),Tambacounda,Zone soudano-sahélienne,526.2772,0,plus_petite_couverture,Phase_2_pleine
1993-07-22,C0_plus_petite_couverture,1993-07-22_007_020,-12.375,14.125,7.867274284362793,3.510019063949585,0.8814449906349182,4.357255220413208,False,False,moderee,normale,1993,7,22,203,Phase_2_pleine,Pleine saison (Juillet-Aout),Tambacounda,Zone soudano-sahélienne,553.2658,0,plus_petite_couverture,Phase_2_pleine
1993-07-22,C0_plus_petite_couverture,1993-07-22_007_021,-12.125,14.125,13.256535530090332,3.4890544414520264,1.8858397006988525,9.767481088638306,False,False,moderee,humide,1993,7,22,203,Phase_2_pleine,Pleine saison (Juillet-Aout),Tambacounda,Zone soudano-sahélienne,580.2544,0,plus_petite_couverture,Phase_2_pleine
1993-07-22,C0_plus_petite_couverture,1993-07-22_008_002,-16.875,14.375,0.0,3.6331241130828857,-0.522238552570343,-3.6331241130828857,False,False,trace,normale,1993,7,22,203,Phase_2_pleine,Pleine saison (Juillet-Aout),Thiès,Zone soudano-sahélienne,67.39671,0,plus_petite_couverture,Phase_2_pleine
1993-07-22,C0_plus_petite_couverture,1993-07-22_008_003,-16.625,14.375,0.7026818990707397,4.071887016296387,-0.40996217727661133,-3.369205117225647,False,False,trace,normale,1993,7,22,203,Phase_2_pleine,Pleine saison (Juillet-Aout),Fatick,Zone soudano-sahélienne,94.3554,0,plus_petite_couverture,Phase_2_pleine
1993-07-22,C0_plus_petite_couverture,1993-07-22_008_004,-16.375,14.375,0.9815821051597595,3.8923184871673584,-0.37940192222595215,-2.910736382007599,False,False,trace,normale,1993,7,22,203,Phase_2_pleine,Pleine saison (Juillet-Aout),Diourbel,Zone soudano-sahélienne,121.314095,0,plus_petite_couverture,Phase_2_pleine
1993-07-22,C0_plus_petite_couverture,1993-07-22_008_005,-16.125,14.375,7.643383979797363,4.2255120277404785,0.4424148499965668,3.4178719520568848,False,False,moderee,normale,1993,7,22,203,Phase_2_pleine,Pleine saison (Juillet-Aout),Diourbel,Zone soudano-sahélienne,148.27278,0,plus_petite_couverture,Phase_2_pleine
1993-07-22,C0_plus_petite_couverture,1993-07-22_008_006,-15.875,14.375,8.313488006591797,4.002922534942627,0.5645476579666138,4.31056547164917,False,False,moderee,normale,1993,7,22,203,Phase_2_pleine,Pleine saison (Juillet-Aout),Diourbel,Zone soudano-sahélienne,175.23148,0,plus_petite_couverture,Phase_2_pleine
1993-07-22,C0_plus_petite_couverture,1993-07-22_008_007,-15.625,14.375,23.404766082763672,4.1606621742248535,2.2833216190338135,19.24410390853882,True,True,forte,tres humide,1993,7,22,203,Phase_2_pleine,Pleine saison (Juillet-Aout),Kaolack,Zone soudano-sahélienne,202.19016,0,plus_petite_couverture,Phase_2_pleine
1993-07-22,C0_plus_petite_couverture,1993-07-22_008_008,-15.375,14.375,25.085206985473633,4.10329008102417,2.779113531112671,20.981916904449463,True,True,forte,tres humide,1993,7,22,203,Phase_2_pleine,Pleine saison (Juillet-Aout),Kaffrine,Zone soudano-sahélienne,229.14883,0,plus_petite_couverture,Phase_2_pleine
1993-07-22,C0_plus_petite_couverture,1993-07-22_008_009,-15.125,14.375,26.17890167236328,3.8341193199157715,3.0039961338043213,22.34478235244751,True,True,forte,exceptionnelle,1993,7,22,203,Phase_2_pleine,Pleine saison (Juillet-Aout),Kaffrine,Zone soudano-sahélienne,256.10754,0,plus_petite_couverture,Phase_2_pleine
1993-07-22,C0_plus_petite_couverture,1993-07-22_008_010,-14.875,14.375,30.408159255981445,4.181197643280029,3.228437662124634,26.226961612701416,True,True,forte,exceptionnelle,1993,7,22,203,Phase_2_pleine,Pleine saison (Juillet-Aout),Kaffrine,Zone soudano-sahélienne,283.06622,0,plus_petite_couverture,Phase_2_pleine
1993-07-22,C0_plus_petite_couverture,1993-07-22_008_011,-14.625,14.375,18.65195083618164,3.8961405754089355,2.0791103839874268,14.755810260772705,True,False,moderee,tres humide,1993,7,22,203,Phase_2_pleine,Pleine saison (Juillet-Aout),Kaffrine,Zone soudano-sahélienne,310.0249,0,plus_petite_couverture,Phase_2_pleine
1993-07-22,C0_plus_petite_couverture,1993-07-22_008_012,-14.375,14.375,19.007055282592773,3.1521003246307373,2.5392684936523438,15.854954957962036,True,False,moderee,tres humide,1993,7,22,203,Phase_2_pleine,Pleine saison (Juillet-Aout),Tambacounda,Zone soudano-sahélienne,336.98358,0,plus_petite_couverture,Phase_2_pleine
1993-07-22,C0_plus_petite_couverture,1993-07-22_008_013,-14.125,14.375,12.356169700622559,2.9961068630218506,1.762350082397461,9.360062837600708,False,False,moderee,humide,1993,7,22,203,Phase_2_pleine,Pleine saison (Juillet-Aout),Tambacounda,Zone soudano-sahélienne,363.94226,0,plus_petite_couverture,Phase_2_pleine
1993-07-22,C0_plus_petite_couverture,1993-07-22_008_014,-13.875,14.375,9.02579402923584,3.480905532836914,0.9999802112579346,5.544888496398926,False,False,moderee,normale,1993,7,22,203,Phase_2_pleine,Pleine saison (Juillet-Aout),Tambacounda,Zone soudano-sahélienne,390.90097,0,plus_petite_couverture,Phase_2_pleine
1993-07-22,C0_plus_petite_couverture,1993-07-22_008_015,-13.625,14.375,1.592188835144043,3.299389600753784,-0.30153629183769226,-1.7072007656097412,False,False,faible,normale,1993,7,22,203,Phase_2_pleine,Pleine saison (Juillet-Aout),Tambacounda,Zone soudano-sahélienne,417.85965,0,plus_petite_couverture,Phase_2_pleine
1993-07-22,C0_plus_petite_couverture,1993-07-22_008_016,-13.375,14.375,2.4476771354675293,2.8576362133026123,-0.07761792838573456,-0.409959077835083,False,False,faible,normale,1993,7,22,203,Phase_2_pleine,Pleine saison (Juillet-Aout),Tambacounda,Zone soudano-sahélienne,444.81833,0,plus_petite_couverture,Phase_2_pleine
1993-07-22,C0_plus_petite_couverture,1993-07-22_008_017,-13.125,14.375,3.9080734252929688,2.7049288749694824,0.25138455629348755,1.2031445503234863,False,False,faible,normale,1993,7,22,203,Phase_2_pleine,Pleine saison (Juillet-Aout),Tambacounda,Zone soudano-sahélienne,471.777,0,plus_petite_couverture,Phase_2_pleine
1993-07-22,C0_plus_petite_couverture,1993-07-22_008_018,-12.875,14.375,3.4864397048950195,3.020883321762085,0.09205251932144165,0.46555638313293457,False,False,faible,normale,1993,7,22,203,Phase_2_pleine,Pleine saison (Juillet-Aout),Tambacounda,Zone soudano-sahélienne,498.7357,0,plus_petite_couverture,Phase_2_pleine
1993-07-22,C0_plus_petite_couverture,1993-07-22_008_019,-12.625,14.375,9.665456771850586,3.4106736183166504,1.2199194431304932,6.2547831535339355,False,False,moderee,humide,1993,7,22,203,Phase_2_pleine,Pleine saison (Juillet-Aout),Tambacounda,Zone soudano-sahélienne,525.6944,0,plus_petite_couverture,Phase_2_pleine
1993-07-22,C0_plus_petite_couverture,1993-07-22_008_020,-12.375,14.375,8.428825378417969,3.5131125450134277,0.9490452408790588,4.915712833404541,False,False,moderee,normale,1993,7,22,203,Phase_2_pleine,Pleine saison (Juillet-Aout),Tambacounda,Zone soudano-sahélienne,552.6531,0,plus_petite_couverture,Phase_2_pleine
1993-07-22,C0_plus_petite_couverture,1993-07-22_009_001,-17.125,14.625,0.0,2.782092809677124,-0.45532894134521484,-2.782092809677124,False,False,trace,normale,1993,7,22,203,Phase_2_pleine,Pleine saison (Juillet-Aout),Dakar,Zone soudano-sahélienne,40.39242,0,plus_petite_couverture,Phase_2_pleine
1993-07-22,C0_plus_petite_couverture,1993-07-22_009_002,-16.875,14.625,0.0,3.031002998352051,-0.5019916892051697,-3.031002998352051,False,False,trace,normale,1993,7,22,203,Phase_2_pleine,Pleine saison (Juillet-Aout),Thiès,Zone soudano-sahélienne,67.3207,0,plus_petite_couverture,Phase_2_pleine
1993-07-22,C0_plus_petite_couverture,1993-07-22_009_003,-16.625,14.625,0.2858316898345947,3.288975238800049,-0.44787099957466125,-3.003143548965454,False,False,trace,normale,1993,7,22,203,Phase_2_pleine,Pleine saison (Juillet-Aout),Thiès,Zone soudano-sahélienne,94.248985,0,plus_petite_couverture,Phase_2_pleine
1993-07-22,C0_plus_petite_couverture,1993-07-22_009_004,-16.375,14.625,0.470821350812912,3.122344732284546,-0.4047926068305969,-2.651523381471634,False,False,trace,normale,1993,7,22,203,Phase_2_pleine,Pleine saison (Juillet-Aout),Diourbel,Zone soudano-sahélienne,121.17728,0,plus_petite_couverture,Phase_2_pleine
1993-07-22,C0_plus_petite_couverture,1993-07-22_009_005,-16.125,14.625,2.506605386734009,3.6427619457244873,-0.1463954746723175,-1.1361565589904785,False,False,faible,normale,1993,7,22,203,Phase_2_pleine,Pleine saison (Juillet-Aout),Diourbel,Zone soudano-sahélienne,148.10556,0,plus_petite_couverture,Phase_2_pleine
1993-07-22,C0_plus_petite_couverture,1993-07-22_009_006,-15.875,14.625,3.4303479194641113,3.5580551624298096,-0.015631776303052902,-0.12770724296569824,False,False,faible,normale,1993,7,22,203,Phase_2_pleine,Pleine saison (Juillet-Aout),Diourbel,Zone soudano-sahélienne,175.03384,0,plus_petite_couverture,Phase_2_pleine
1993-07-22,C0_plus_petite_couverture,1993-07-22_009_007,-15.625,14.625,10.327281951904297,3.59576416015625,0.892234206199646,6.731517791748047,False,False,moderee,normale,1993,7,22,203,Phase_2_pleine,Pleine saison (Juillet-Aout),Kaffrine,Zone soudano-sahélienne,201.96213,0,plus_petite_couverture,Phase_2_pleine
1993-07-22,C0_plus_petite_couverture,1993-07-22_009_008,-15.375,14.625,14.339425086975098,3.8643195629119873,1.3796757459640503,10.47510552406311,False,False,moderee,humide,1993,7,22,203,Phase_2_pleine,Pleine saison (Juillet-Aout),Kaffrine,Zone soudano-sahélienne,228.8904,0,plus_petite_couverture,Phase_2_pleine
1993-07-22,C0_plus_petite_couverture,1993-07-22_009_009,-15.125,14.625,21.284263610839844,4.160976409912109,2.085744619369507,17.123287200927734,True,True,forte,tres humide,1993,7,22,203,Phase_2_pleine,Pleine saison (Juillet-Aout),Kaffrine,Zone soudano-sahélienne,255.8187,0,plus_petite_couverture,Phase_2_pleine
1993-07-22,C0_plus_petite_couverture,1993-07-22_009_010,-14.875,14.625,24.737794876098633,4.135011672973633,2.4446194171905518,20.602783203125,True,True,forte,tres humide,1993,7,22,203,Phase_2_pleine,Pleine saison (Juillet-Aout),Kaffrine,Zone soudano-sahélienne,282.74698,0,plus_petite_couverture,Phase_2_pleine
1993-07-22,C0_plus_petite_couverture,1993-07-22_009_011,-14.625,14.625,16.300159454345703,3.718590021133423,1.7877099514007568,12.58156943321228,False,False,moderee,humide,1993,7,22,203,Phase_2_pleine,Pleine saison (Juillet-Aout),Kaffrine,Zone soudano-sahélienne,309.67526,0,plus_petite_couverture,Phase_2_pleine
1993-07-22,C0_plus_petite_couverture,1993-07-22_009_012,-14.375,14.625,15.86836051940918,3.576045274734497,1.738632082939148,12.292315244674683,False,False,moderee,humide,1993,7,22,203,Phase_2_pleine,Pleine saison (Juillet-Aout),Tambacounda,Zone soudano-sahélienne,336.60355,0,plus_petite_couverture,Phase_2_pleine
1993-07-22,C0_plus_petite_couverture,1993-07-22_009_013,-14.125,14.625,7.835394382476807,3.426225423812866,0.6657464504241943,4.40916895866394,False,False,moderee,normale,1993,7,22,203,Phase_2_pleine,Pleine saison (Juillet-Aout),Tambacounda,Zone soudano-sahélienne,363.5318,0,plus_petite_couverture,Phase_2_pleine
1993-07-22,C0_plus_petite_couverture,1993-07-22_009_014,-13.875,14.625,5.666835308074951,3.164119243621826,0.4149550199508667,2.502716064453125,False,False,moderee,normale,1993,7,22,203,Phase_2_pleine,Pleine saison (Juillet-Aout),Tambacounda,Zone soudano-sahélienne,390.4601,0,plus_petite_couverture,Phase_2_pleine
1993-07-22,C0_plus_petite_couverture,1993-07-22_009_015,-13.625,14.625,0.0,3.7130446434020996,-0.5442178845405579,-3.7130446434020996,False,False,trace,normale,1993,7,22,203,Phase_2_pleine,Pleine saison (Juillet-Aout),Tambacounda,Zone soudano-sahélienne,417.38837,0,plus_petite_couverture,Phase_2_pleine
1993-07-22,C0_plus_petite_couverture,1993-07-22_009_016,-13.375,14.625,0.0,3.299339532852173,-0.5334061980247498,-3.299339532852173,False,False,trace,normale,1993,7,22,203,Phase_2_pleine,Pleine saison (Juillet-Aout),Tambacounda,Zone soudano-sahélienne,444.31668,0,plus_petite_couverture,Phase_2_pleine
1993-07-22,C0_plus_petite_couverture,1993-07-22_009_017,-13.125,14.625,2.6615450382232666,2.897796154022217,-0.04636433348059654,-0.2362511157989502,False,False,faible,normale,1993,7,22,203,Phase_2_pleine,Pleine saison (Juillet-Aout),Tambacounda,Zone soudano-sahélienne,471.24493,0,plus_petite_couverture,Phase_2_pleine
1993-07-22,C0_plus_petite_couverture,1993-07-22_009_018,-12.875,14.625,2.195023775100708,2.844228982925415,-0.139303058385849,-0.649205207824707,False,False,faible,normale,1993,7,22,203,Phase_2_pleine,Pleine saison (Juillet-Aout),Tambacounda,Zone soudano-sahélienne,498.17322,0,plus_petite_couverture,Phase_2_pleine
1993-07-22,C0_plus_petite_couverture,1993-07-22_009_019,-12.625,14.625,5.829748153686523,2.8651845455169678,0.651527464389801,2.9645636081695557,False,False,moderee,normale,1993,7,22,203,Phase_2_pleine,Pleine saison (Juillet-Aout),Tambacounda,Zone soudano-sahélienne,525.1015,0,plus_petite_couverture,Phase_2_pleine
1993-07-22,C0_plus_petite_couverture,1993-07-22_009_020,-12.375,14.625,4.5766096115112305,2.7745115756988525,0.42397835850715637,1.802098035812378,False,False,faible,normale,1993,7,22,203,Phase_2_pleine,Pleine saison (Juillet-Aout),Tambacounda,Zone soudano-sahélienne,552.0298,0,plus_petite_couverture,Phase_2_pleine
1993-07-22,C0_plus_petite_couverture,1993-07-22_010_001,-17.125,14.875,0.0,2.6669461727142334,-0.4237184226512909,-2.6669461727142334,False,False,trace,normale,1993,7,22,203,Phase_2_pleine,Pleine saison (Juillet-Aout),Thiès,Zone soudano-sahélienne,40.346046,0,plus_petite_couverture,Phase_2_pleine
1993-07-22,C0_plus_petite_couverture,1993-07-22_010_002,-16.875,14.875,0.0,2.5985684394836426,-0.4471948444843292,-2.5985684394836426,False,False,trace,normale,1993,7,22,203,Phase_2_pleine,Pleine saison (Juillet-Aout),Thiès,Zone soudano-sahélienne,67.243416,0,plus_petite_couverture,Phase_2_pleine
1993-07-22,C0_plus_petite_couverture,1993-07-22_010_003,-16.625,14.875,0.0,3.190762519836426,-0.47793933749198914,-3.190762519836426,False,False,trace,normale,1993,7,22,203,Phase_2_pleine,Pleine saison (Juillet-Aout),Thiès,Zone soudano-sahélienne,94.14078,0,plus_petite_couverture,Phase_2_pleine
1993-07-22,C0_plus_petite_couverture,1993-07-22_010_004,-16.375,14.875,0.0,3.327871561050415,-0.470887690782547,-3.327871561050415,False,False,trace,normale,1993,7,22,203,Phase_2_pleine,Pleine saison (Juillet-Aout),Diourbel,Zone soudano-sahélienne,121.03815,0,plus_petite_couverture,Phase_2_pleine
1993-07-22,C0_plus_petite_couverture,1993-07-22_010_005,-16.125,14.875,0.0,3.396153211593628,-0.4290981590747833,-3.396153211593628,False,False,trace,normale,1993,7,22,203,Phase_2_pleine,Pleine saison (Juillet-Aout),Diourbel,Zone soudano-sahélienne,147.93552,0,plus_petite_couverture,Phase_2_pleine
1993-07-22,C0_plus_petite_couverture,1993-07-22_010_006,-15.875,14.875,0.0,3.4798386096954346,-0.42167046666145325,-3.4798386096954346,False,False,trace,normale,1993,7,22,203,Phase_2_pleine,Pleine saison (Juillet-Aout),Diourbel,Zone soudano-sahélienne,174.83289,0,plus_petite_couverture,Phase_2_pleine
1993-07-22,C0_plus_petite_couverture,1993-07-22_010_007,-15.625,14.875,0.0,3.270578145980835,-0.4319043755531311,-3.270578145980835,False,False,trace,normale,1993,7,22,203,Phase_2_pleine,Pleine saison (Juillet-Aout),Diourbel,Zone soudano-sahélienne,201.73026,0,plus_petite_couverture,Phase_2_pleine
1993-07-22,C0_plus_petite_couverture,1993-07-22_010_008,-15.375,14.875,0.0,3.3360016345977783,-0.46567124128341675,-3.3360016345977783,False,False,trace,normale,1993,7,22,203,Phase_2_pleine,Pleine saison (Juillet-Aout),Kaffrine,Zone soudano-sahélienne,228.62761,0,plus_petite_couverture,Phase_2_pleine
1993-07-22,C0_plus_petite_couverture,1993-07-22_010_009,-15.125,14.875,10.554640769958496,3.8777894973754883,0.7785561084747314,6.676851272583008,False,False,moderee,normale,1993,7,22,203,Phase_2_pleine,Pleine saison (Juillet-Aout),Kaffrine,Zone soudano-sahélienne,255.525,0,plus_petite_couverture,Phase_2_pleine
1993-07-22,C0_plus_petite_couverture,1993-07-22_010_010,-14.875,14.875,11.729592323303223,3.514033079147339,1.0689573287963867,8.215559244155884,False,False,moderee,humide,1993,7,22,203,Phase_2_pleine,Pleine saison (Juillet-Aout),Kaffrine,Zone soudano-sahélienne,282.42233,0,plus_petite_couverture,Phase_2_pleine
1993-07-22,C0_plus_petite_couverture,1993-07-22_010_011,-14.625,14.875,12.406909942626953,3.8309335708618164,1.0584324598312378,8.575976371765137,False,False,moderee,humide,1993,7,22,203,Phase_2_pleine,Pleine saison (Juillet-Aout),Kaffrine,Zone soudano-sahélienne,309.31973,0,plus_petite_couverture,Phase_2_pleine
1993-07-22,C0_plus_petite_couverture,1993-07-22_010_012,-14.375,14.875,11.386474609375,3.6449921131134033,0.9679470062255859,7.741482496261597,False,False,moderee,normale,1993,7,22,203,Phase_2_pleine,Pleine saison (Juillet-Aout),Tambacounda,Zone soudano-sahélienne,336.21707,0,plus_petite_couverture,Phase_2_pleine
1993-07-22,C0_plus_petite_couverture,1993-07-22_010_013,-14.125,14.875,0.0,3.2242271900177,-0.44556161761283875,-3.2242271900177,False,False,trace,normale,1993,7,22,203,Phase_2_pleine,Pleine saison (Juillet-Aout),Matam,Zone soudano-sahélienne,363.11444,0,plus_petite_couverture,Phase_2_pleine
1993-07-22,C0_plus_petite_couverture,1993-07-22_010_014,-13.875,14.875,0.0,3.0967750549316406,-0.4360610246658325,-3.0967750549316406,False,False,trace,normale,1993,7,22,203,Phase_2_pleine,Pleine saison (Juillet-Aout),Matam,Zone soudano-sahélienne,390.0118,0,plus_petite_couverture,Phase_2_pleine
1993-07-22,C0_plus_petite_couverture,1993-07-22_010_015,-13.625,14.875,0.0,4.112153053283691,-0.4621780514717102,-4.112153053283691,False,False,trace,normale,1993,7,22,203,Phase_2_pleine,Pleine saison (Juillet-Aout),Matam,Zone soudano-sahélienne,416.90918,0,plus_petite_couverture,Phase_2_pleine
1993-07-22,C0_plus_petite_couverture,1993-07-22_010_016,-13.375,14.875,0.0,3.520517110824585,-0.5026569962501526,-3.520517110824585,False,False,trace,normale,1993,7,22,203,Phase_2_pleine,Pleine saison (Juillet-Aout),Matam,Zone soudano-sahélienne,443.80655,0,plus_petite_couverture,Phase_2_pleine
1993-07-22,C0_plus_petite_couverture,1993-07-22_010_017,-13.125,14.875,0.0,3.05967116355896,-0.5820963978767395,-3.05967116355896,False,False,trace,normale,1993,7,22,203,Phase_2_pleine,Pleine saison (Juillet-Aout),Matam,Zone soudano-sahélienne,470.7039,0,plus_petite_couverture,Phase_2_pleine
1993-07-22,C0_plus_petite_couverture,1993-07-22_010_018,-12.875,14.875,0.0,2.589019775390625,-0.5593706965446472,-2.589019775390625,False,False,trace,normale,1993,7,22,203,Phase_2_pleine,Pleine saison (Juillet-Aout),Matam,Zone soudano-sahélienne,497.60126,0,plus_petite_couverture,Phase_2_pleine
1993-07-22,C0_plus_petite_couverture,1993-07-22_010_019,-12.625,14.875,0.0,2.437711477279663,-0.5944419503211975,-2.437711477279663,False,False,trace,normale,1993,7,22,203,Phase_2_pleine,Pleine saison (Juillet-Aout),Matam,Zone soudano-sahélienne,524.49866,0,plus_petite_couverture,Phase_2_pleine
1993-07-22,C0_plus_petite_couverture,1993-07-22_011_002,-16.875,15.125,0.0,2.4796714782714844,-0.45138972997665405,-2.4796714782714844,False,False,trace,normale,1993,7,22,203,Phase_2_pleine,Pleine saison (Juillet-Aout),Thiès,Zone soudano-sahélienne,67.16484,0,plus_petite_couverture,Phase_2_pleine
1993-07-22,C0_plus_petite_couverture,1993-07-22_011_003,-16.625,15.125,0.0,3.118232488632202,-0.49120908975601196,-3.118232488632202,False,False,trace,normale,1993,7,22,203,Phase_2_pleine,Pleine saison (Juillet-Aout),Thiès,Zone soudano-sahélienne,94.03078,0,plus_petite_couverture,Phase_2_pleine
1993-07-22,C0_plus_petite_couverture,1993-07-22_011_004,-16.375,15.125,0.0,3.19061279296875,-0.4555550515651703,-3.19061279296875,False,False,trace,normale,1993,7,22,203,Phase_2_pleine,Pleine saison (Juillet-Aout),Louga,Zone soudano-sahélienne,120.89671,0,plus_petite_couverture,Phase_2_pleine
1993-07-22,C0_plus_petite_couverture,1993-07-22_011_005,-16.125,15.125,0.0,3.4691948890686035,-0.4810442328453064,-3.4691948890686035,False,False,trace,normale,1993,7,22,203,Phase_2_pleine,Pleine saison (Juillet-Aout),Louga,Zone soudano-sahélienne,147.76265,0,plus_petite_couverture,Phase_2_pleine
1993-07-22,C0_plus_petite_couverture,1993-07-22_011_006,-15.875,15.125,0.0,3.663238763809204,-0.4903104305267334,-3.663238763809204,False,False,trace,normale,1993,7,22,203,Phase_2_pleine,Pleine saison (Juillet-Aout),Louga,Zone soudano-sahélienne,174.6286,0,plus_petite_couverture,Phase_2_pleine
1993-07-22,C0_plus_petite_couverture,1993-07-22_011_007,-15.625,15.125,0.0,3.7213525772094727,-0.4547371566295624,-3.7213525772094727,False,False,trace,normale,1993,7,22,203,Phase_2_pleine,Pleine saison (Juillet-Aout),Louga,Zone soudano-sahélienne,201.49454,0,plus_petite_couverture,Phase_2_pleine
1993-07-22,C0_plus_petite_couverture,1993-07-22_011_008,-15.375,15.125,0.0,3.8002848625183105,-0.4264068007469177,-3.8002848625183105,False,False,trace,normale,1993,7,22,203,Phase_2_pleine,Pleine saison (Juillet-Aout),Louga,Zone soudano-sahélienne,228.36046,0,plus_petite_couverture,Phase_2_pleine
1993-07-22,C0_plus_petite_couverture,1993-07-22_011_009,-15.125,15.125,4.989035129547119,4.209915637969971,0.08439399302005768,0.7791194915771484,False,False,faible,normale,1993,7,22,203,Phase_2_pleine,Pleine saison (Juillet-Aout),Kaffrine,Zone soudano-sahélienne,255.22641,0,plus_petite_couverture,Phase_2_pleine
1993-07-22,C0_plus_petite_couverture,1993-07-22_011_010,-14.875,15.125,5.93940544128418,3.8372323513031006,0.2541302442550659,2.102173089981079,False,False,moderee,normale,1993,7,22,203,Phase_2_pleine,Pleine saison (Juillet-Aout),Kaffrine,Zone soudano-sahélienne,282.09235,0,plus_petite_couverture,Phase_2_pleine
1993-07-22,C0_plus_petite_couverture,1993-07-22_011_011,-14.625,15.125,9.502828598022461,3.99479079246521,0.668785572052002,5.508037805557251,False,False,moderee,normale,1993,7,22,203,Phase_2_pleine,Pleine saison (Juillet-Aout),Kaffrine,Zone soudano-sahélienne,308.95828,0,plus_petite_couverture,Phase_2_pleine
1993-07-22,C0_plus_petite_couverture,1993-07-22_011_012,-14.375,15.125,9.789582252502441,3.718151330947876,0.7856990098953247,6.071430921554565,False,False,moderee,normale,1993,7,22,203,Phase_2_pleine,Pleine saison (Juillet-Aout),Matam,Zone soudano-sahélienne,335.82422,0,plus_petite_couverture,Phase_2_pleine
1993-07-22,C0_plus_petite_couverture,1993-07-22_011_013,-14.125,15.125,0.0,3.5108323097229004,-0.43424805998802185,-3.5108323097229004,False,False,trace,normale,1993,7,22,203,Phase_2_pleine,Pleine saison (Juillet-Aout),Matam,Zone soudano-sahélienne,362.69012,0,plus_petite_couverture,Phase_2_pleine
1993-07-22,C0_plus_petite_couverture,1993-07-22_011_014,-13.875,15.125,0.0,3.35849666595459,-0.4294930398464203,-3.35849666595459,False,False,trace,normale,1993,7,22,203,Phase_2_pleine,Pleine saison (Juillet-Aout),Matam,Zone soudano-sahélienne,389.5561,0,plus_petite_couverture,Phase_2_pleine
1993-07-22,C0_plus_petite_couverture,1993-07-22_011_015,-13.625,15.125,0.0,3.949666976928711,-0.4324639141559601,-3.949666976928711,False,False,trace,normale,1993,7,22,203,Phase_2_pleine,Pleine saison (Juillet-Aout),Matam,Zone soudano-sahélienne,416.42203,0,plus_petite_couverture,Phase_2_pleine
1993-07-22,C0_plus_petite_couverture,1993-07-22_011_016,-13.375,15.125,0.0,3.4280030727386475,-0.4500506818294525,-3.4280030727386475,False,False,trace,normale,1993,7,22,203,Phase_2_pleine,Pleine saison (Juillet-Aout),Matam,Zone soudano-sahélienne,443.28796,0,plus_petite_couverture,Phase_2_pleine
1993-07-22,C0_plus_petite_couverture,1993-07-22_011_017,-13.125,15.125,0.0,3.0026791095733643,-0.467399924993515,-3.0026791095733643,False,False,trace,normale,1993,7,22,203,Phase_2_pleine,Pleine saison (Juillet-Aout),Matam,Zone soudano-sahélienne,470.1539,0,plus_petite_couverture,Phase_2_pleine
1993-07-22,C0_plus_petite_couverture,1993-07-22_011_018,-12.875,15.125,0.0,2.553616762161255,-0.48124611377716064,-2.553616762161255,False,False,trace,normale,1993,7,22,203,Phase_2_pleine,Pleine saison (Juillet-Aout),Matam,Zone soudano-sahélienne,497.0198,0,plus_petite_couverture,Phase_2_pleine
1993-07-22,C0_plus_petite_couverture,1993-07-22_012_003,-16.625,15.375,0.0,2.972357749938965,-0.44119134545326233,-2.972357749938965,False,False,trace,normale,1993,7,22,203,Phase_2_pleine,Pleine saison (Juillet-Aout),Louga,Zone soudano-sahélienne,93.91899,0,plus_petite_couverture,Phase_2_pleine
1993-07-22,C0_plus_petite_couverture,1993-07-22_012_004,-16.375,15.375,0.0,3.712494134902954,-0.45720967650413513,-3.712494134902954,False,False,trace,normale,1993,7,22,203,Phase_2_pleine,Pleine saison (Juillet-Aout),Louga,Zone soudano-sahélienne,120.75298,0,plus_petite_couverture,Phase_2_pleine
1993-07-22,C0_plus_petite_couverture,1993-07-22_012_005,-16.125,15.375,0.0,3.435514211654663,-0.42110326886177063,-3.435514211654663,False,False,trace,normale,1993,7,22,203,Phase_2_pleine,Pleine saison (Juillet-Aout),Louga,Zone soudano-sahélienne,147.58699,0,plus_petite_couverture,Phase_2_pleine
1993-07-22,C0_plus_petite_couverture,1993-07-22_012_006,-15.875,15.375,0.0,3.5756661891937256,-0.4417652189731598,-3.5756661891937256,False,False,trace,normale,1993,7,22,203,Phase_2_pleine,Pleine saison (Juillet-Aout),Louga,Zone soudano-sahélienne,174.42099,0,plus_petite_couverture,Phase_2_pleine
1993-07-22,C0_plus_petite_couverture,1993-07-22_012_007,-15.625,15.375,0.0,3.472170114517212,-0.44263508915901184,-3.472170114517212,False,False,trace,normale,1993,7,22,203,Phase_2_pleine,Pleine saison (Juillet-Aout),Louga,Zone soudano-sahélienne,201.25497,0,plus_petite_couverture,Phase_2_pleine
1993-07-22,C0_plus_petite_couverture,1993-07-22_012_008,-15.375,15.375,0.0,4.069274425506592,-0.4328238368034363,-4.069274425506592,False,False,trace,normale,1993,7,22,203,Phase_2_pleine,Pleine saison (Juillet-Aout),Louga,Zone soudano-sahélienne,228.08896,0,plus_petite_couverture,Phase_2_pleine
1993-07-22,C0_plus_petite_couverture,1993-07-22_012_009,-15.125,15.375,0.0,4.562893867492676,-0.4423377215862274,-4.562893867492676,False,False,trace,normale,1993,7,22,203,Phase_2_pleine,Pleine saison (Juillet-Aout),Louga,Zone soudano-sahélienne,254.92297,0,plus_petite_couverture,Phase_2_pleine
1993-07-22,C0_plus_petite_couverture,1993-07-22_012_010,-14.875,15.375,0.0,4.0466179847717285,-0.4553387761116028,-4.0466179847717285,False,False,trace,normale,1993,7,22,203,Phase_2_pleine,Pleine saison (Juillet-Aout),Louga,Zone soudano-sahélienne,281.75696,0,plus_petite_couverture,Phase_2_pleine
1993-07-22,C0_plus_petite_couverture,1993-07-22_012_011,-14.625,15.375,7.828900337219238,3.7315101623535156,0.5076510310173035,4.097390174865723,False,False,moderee,normale,1993,7,22,203,Phase_2_pleine,Pleine saison (Juillet-Aout),Matam,Zone soudano-sahélienne,308.59097,0,plus_petite_couverture,Phase_2_pleine
1993-07-22,C0_plus_petite_couverture,1993-07-22_012_012,-14.375,15.375,9.425446510314941,3.3511977195739746,0.8794790506362915,6.074248790740967,False,False,moderee,normale,1993,7,22,203,Phase_2_pleine,Pleine saison (Juillet-Aout),Matam,Zone soudano-sahélienne,335.42496,0,plus_petite_couverture,Phase_2_pleine
1993-07-22,C0_plus_petite_couverture,1993-07-22_012_013,-14.125,15.375,0.0,2.7251200675964355,-0.453031450510025,-2.7251200675964355,False,False,trace,normale,1993,7,22,203,Phase_2_pleine,Pleine saison (Juillet-Aout),Matam,Zone soudano-sahélienne,362.25894,0,plus_petite_couverture,Phase_2_pleine
1993-07-22,C0_plus_petite_couverture,1993-07-22_012_014,-13.875,15.375,0.0,2.711056709289551,-0.43992966413497925,-2.711056709289551,False,False,trace,normale,1993,7,22,203,Phase_2_pleine,Pleine saison (Juillet-Aout),Matam,Zone soudano-sahélienne,389.09296,0,plus_petite_couverture,Phase_2_pleine
1993-07-22,C0_plus_petite_couverture,1993-07-22_012_015,-13.625,15.375,0.0,2.768709897994995,-0.44021356105804443,-2.768709897994995,False,False,trace,normale,1993,7,22,203,Phase_2_pleine,Pleine saison (Juillet-Aout),Matam,Zone soudano-sahélienne,415.92694,0,plus_petite_couverture,Phase_2_pleine
1993-07-22,C0_plus_petite_couverture,1993-07-22_012_016,-13.375,15.375,0.0,2.9498322010040283,-0.4512512981891632,-2.9498322010040283,False,False,trace,normale,1993,7,22,203,Phase_2_pleine,Pleine saison (Juillet-Aout),Matam,Zone soudano-sahélienne,442.76096,0,plus_petite_couverture,Phase_2_pleine
1993-07-22,C0_plus_petite_couverture,1993-07-22_012_017,-13.125,15.375,0.0,2.862220048904419,-0.46365875005722046,-2.862220048904419,False,False,trace,normale,1993,7,22,203,Phase_2_pleine,Pleine saison (Juillet-Aout),Matam,Zone soudano-sahélienne,469.59494,0,plus_petite_couverture,Phase_2_pleine
1993-07-22,C0_plus_petite_couverture,1993-07-22_013_004,-16.375,15.625,0.0,3.8420162200927734,-0.4443536698818207,-3.8420162200927734,False,False,trace,normale,1993,7,22,203,Phase_2_pleine,Pleine saison (Juillet-Aout),Saint-Louis,Zone sahélienne,120.60696,0,plus_petite_couverture,Phase_2_pleine
1993-07-22,C0_plus_petite_couverture,1993-07-22_013_005,-16.125,15.625,0.0,3.2162113189697266,-0.44159433245658875,-3.2162113189697266,False,False,trace,normale,1993,7,22,203,Phase_2_pleine,Pleine saison (Juillet-Aout),Saint-Louis,Zone sahélienne,147.40851,0,plus_petite_couverture,Phase_2_pleine
1993-07-22,C0_plus_petite_couverture,1993-07-22_013_006,-15.875,15.625,0.0,3.0725955963134766,-0.4021408259868622,-3.0725955963134766,False,False,trace,normale,1993,7,22,203,Phase_2_pleine,Pleine saison (Juillet-Aout),Saint-Louis,Zone sahélienne,174.21005,0,plus_petite_couverture,Phase_2_pleine
1993-07-22,C0_plus_petite_couverture,1993-07-22_013_007,-15.625,15.625,0.0,3.007542371749878,-0.41145238280296326,-3.007542371749878,False,False,trace,normale,1993,7,22,203,Phase_2_pleine,Pleine saison (Juillet-Aout),Saint-Louis,Zone sahélienne,201.0116,0,plus_petite_couverture,Phase_2_pleine
1993-07-22,C0_plus_petite_couverture,1993-07-22_013_008,-15.375,15.625,0.0,3.513303279876709,-0.45577263832092285,-3.513303279876709,False,False,trace,normale,1993,7,22,203,Phase_2_pleine,Pleine saison (Juillet-Aout),Louga,Zone sahélienne,227.81313,0,plus_petite_couverture,Phase_2_pleine
1993-07-22,C0_plus_petite_couverture,1993-07-22_013_009,-15.125,15.625,0.0,3.8605682849884033,-0.43532657623291016,-3.8605682849884033,False,False,trace,normale,1993,7,22,203,Phase_2_pleine,Pleine saison (Juillet-Aout),Louga,Zone sahélienne,254.6147,0,plus_petite_couverture,Phase_2_pleine
1993-07-22,C0_plus_petite_couverture,1993-07-22_013_010,-14.875,15.625,0.0,4.11034631729126,-0.4333149492740631,-4.11034631729126,False,False,trace,normale,1993,7,22,203,Phase_2_pleine,Pleine saison (Juillet-Aout),Louga,Zone sahélienne,281.41623,0,plus_petite_couverture,Phase_2_pleine
1993-07-22,C0_plus_petite_couverture,1993-07-22_013_011,-14.625,15.625,6.815575122833252,3.979328155517578,0.32298606634140015,2.836246967315674,False,False,moderee,normale,1993,7,22,203,Phase_2_pleine,Pleine saison (Juillet-Aout),Matam,Zone sahélienne,308.21777,0,plus_petite_couverture,Phase_2_pleine
1993-07-22,C0_plus_petite_couverture,1993-07-22_013_012,-14.375,15.625,10.463732719421387,3.9876513481140137,0.745895504951477,6.476081371307373,False,False,moderee,normale,1993,7,22,203,Phase_2_pleine,Pleine saison (Juillet-Aout),Matam,Zone sahélienne,335.01932,0,plus_petite_couverture,Phase_2_pleine
1993-07-22,C0_plus_petite_couverture,1993-07-22_013_013,-14.125,15.625,0.0,2.8764147758483887,-0.4301651418209076,-2.8764147758483887,False,False,trace,normale,1993,7,22,203,Phase_2_pleine,Pleine saison (Juillet-Aout),Matam,Zone sahélienne,361.82086,0,plus_petite_couverture,Phase_2_pleine
1993-07-22,C0_plus_petite_couverture,1993-07-22_013_014,-13.875,15.625,0.0,2.047302484512329,-0.42830920219421387,-2.047302484512329,False,False,trace,normale,1993,7,22,203,Phase_2_pleine,Pleine saison (Juillet-Aout),Matam,Zone sahélienne,388.6224,0,plus_petite_couverture,Phase_2_pleine
1993-07-22,C0_plus_petite_couverture,1993-07-22_013_015,-13.625,15.625,0.0,2.268101453781128,-0.44774672389030457,-2.268101453781128,False,False,trace,normale,1993,7,22,203,Phase_2_pleine,Pleine saison (Juillet-Aout),Matam,Zone sahélienne,415.42395,0,plus_petite_couverture,Phase_2_pleine
1993-07-22,C0_plus_petite_couverture,1993-07-22_013_016,-13.375,15.625,0.0,2.6505491733551025,-0.4607110023498535,-2.6505491733551025,False,False,trace,normale,1993,7,22,203,Phase_2_pleine,Pleine saison (Juillet-Aout),Matam,Zone sahélienne,442.22552,0,plus_petite_couverture,Phase_2_pleine
1993-07-22,C0_plus_petite_couverture,1993-07-22_014_004,-16.375,15.875,0.0,3.6718814373016357,-0.468065083026886,-3.6718814373016357,False,False,trace,normale,1993,7,22,203,Phase_2_pleine,Pleine saison (Juillet-Aout),Saint-Louis,Zone sahélienne,120.45863,0,plus_petite_couverture,Phase_2_pleine
1993-07-22,C0_plus_petite_couverture,1993-07-22_014_005,-16.125,15.875,0.0,3.007901906967163,-0.4230847656726837,-3.007901906967163,False,False,trace,normale,1993,7,22,203,Phase_2_pleine,Pleine saison (Juillet-Aout),Saint-Louis,Zone sahélienne,147.22722,0,plus_petite_couverture,Phase_2_pleine
1993-07-22,C0_plus_petite_couverture,1993-07-22_014_006,-15.875,15.875,0.0,2.741105318069458,-0.4162014126777649,-2.741105318069458,False,False,trace,normale,1993,7,22,203,Phase_2_pleine,Pleine saison (Juillet-Aout),Saint-Louis,Zone sahélienne,173.9958,0,plus_petite_couverture,Phase_2_pleine
1993-07-22,C0_plus_petite_couverture,1993-07-22_014_007,-15.625,15.875,0.0,2.937152624130249,-0.403518408536911,-2.937152624130249,False,False,trace,normale,1993,7,22,203,Phase_2_pleine,Pleine saison (Juillet-Aout),Saint-Louis,Zone sahélienne,200.76439,0,plus_petite_couverture,Phase_2_pleine
1993-07-22,C0_plus_petite_couverture,1993-07-22_014_008,-15.375,15.875,0.0,2.9006481170654297,-0.3890153765678406,-2.9006481170654297,False,False,trace,normale,1993,7,22,203,Phase_2_pleine,Pleine saison (Juillet-Aout),Louga,Zone sahélienne,227.53297,0,plus_petite_couverture,Phase_2_pleine
1993-07-22,C0_plus_petite_couverture,1993-07-22_014_009,-15.125,15.875,0.0,3.2499840259552,-0.40961575508117676,-3.2499840259552,False,False,trace,normale,1993,7,22,203,Phase_2_pleine,Pleine saison (Juillet-Aout),Louga,Zone sahélienne,254.30157,0,plus_petite_couverture,Phase_2_pleine
1993-07-22,C0_plus_petite_couverture,1993-07-22_014_010,-14.875,15.875,0.0,3.657437324523926,-0.4327426850795746,-3.657437324523926,False,False,trace,normale,1993,7,22,203,Phase_2_pleine,Pleine saison (Juillet-Aout),Louga,Zone sahélienne,281.07013,0,plus_petite_couverture,Phase_2_pleine
1993-07-22,C0_plus_petite_couverture,1993-07-22_014_011,-14.625,15.875,5.211668491363525,3.403575897216797,0.23238855600357056,1.8080925941467285,False,False,moderee,normale,1993,7,22,203,Phase_2_pleine,Pleine saison (Juillet-Aout),Matam,Zone sahélienne,307.83875,0,plus_petite_couverture,Phase_2_pleine
1993-07-22,C0_plus_petite_couverture,1993-07-22_014_012,-14.375,15.875,8.382182121276855,3.977085828781128,0.4912802278995514,4.4050962924957275,False,False,moderee,normale,1993,7,22,203,Phase_2_pleine,Pleine saison (Juillet-Aout),Matam,Zone sahélienne,334.60733,0,plus_petite_couverture,Phase_2_pleine
1993-07-22,C0_plus_petite_couverture,1993-07-22_014_013,-14.125,15.875,0.0,3.272454261779785,-0.4367980360984802,-3.272454261779785,False,False,trace,normale,1993,7,22,203,Phase_2_pleine,Pleine saison (Juillet-Aout),Matam,Zone sahélienne,361.3759,0,plus_petite_couverture,Phase_2_pleine
1993-07-22,C0_plus_petite_couverture,1993-07-22_014_014,-13.875,15.875,0.0,2.2728025913238525,-0.43277713656425476,-2.2728025913238525,False,False,trace,normale,1993,7,22,203,Phase_2_pleine,Pleine saison (Juillet-Aout),Matam,Zone sahélienne,388.1445,0,plus_petite_couverture,Phase_2_pleine
1993-07-22,C0_plus_petite_couverture,1993-07-22_014_015,-13.625,15.875,0.0,2.262129306793213,-0.4538642168045044,-2.262129306793213,False,False,trace,normale,1993,7,22,203,Phase_2_pleine,Pleine saison (Juillet-Aout),Matam,Zone sahélienne,414.91306,0,plus_petite_couverture,Phase_2_pleine
1993-07-22,C0_plus_petite_couverture,1993-07-22_014_016,-13.375,15.875,0.0,2.4477081298828125,-0.47710907459259033,-2.4477081298828125,False,False,trace,normale,1993,7,22,203,Phase_2_pleine,Pleine saison (Juillet-Aout),Matam,Zone sahélienne,441.68167,0,plus_petite_couverture,Phase_2_pleine
1993-07-22,C0_plus_petite_couverture,1993-07-22_015_004,-16.375,16.125,0.0,3.197345018386841,-0.4387502670288086,-3.197345018386841,False,False,trace,normale,1993,7,22,203,Phase_2_pleine,Pleine saison (Juillet-Aout),Saint-Louis,Zone sahélienne,120.308014,0,plus_petite_couverture,Phase_2_pleine
1993-07-22,C0_plus_petite_couverture,1993-07-22_015_005,-16.125,16.125,0.0,3.037876844406128,-0.41044777631759644,-3.037876844406128,False,False,trace,normale,1993,7,22,203,Phase_2_pleine,Pleine saison (Juillet-Aout),Saint-Louis,Zone sahélienne,147.04314,0,plus_petite_couverture,Phase_2_pleine
1993-07-22,C0_plus_petite_couverture,1993-07-22_015_006,-15.875,16.125,0.0,2.943772077560425,-0.40477699041366577,-2.943772077560425,False,False,trace,normale,1993,7,22,203,Phase_2_pleine,Pleine saison (Juillet-Aout),Saint-Louis,Zone sahélienne,173.77824,0,plus_petite_couverture,Phase_2_pleine
1993-07-22,C0_plus_petite_couverture,1993-07-22_015_007,-15.625,16.125,0.0,2.7327141761779785,-0.39985382556915283,-2.7327141761779785,False,False,trace,normale,1993,7,22,203,Phase_2_pleine,Pleine saison (Juillet-Aout),Saint-Louis,Zone sahélienne,200.51337,0,plus_petite_couverture,Phase_2_pleine
1993-07-22,C0_plus_petite_couverture,1993-07-22_015_008,-15.375,16.125,0.0,3.126155138015747,-0.4026695191860199,-3.126155138015747,False,False,trace,normale,1993,7,22,203,Phase_2_pleine,Pleine saison (Juillet-Aout),Louga,Zone sahélienne,227.24846,0,plus_petite_couverture,Phase_2_pleine
1993-07-22,C0_plus_petite_couverture,1993-07-22_015_009,-15.125,16.125,0.0,3.6711950302124023,-0.41618335247039795,-3.6711950302124023,False,False,trace,normale,1993,7,22,203,Phase_2_pleine,Pleine saison (Juillet-Aout),Louga,Zone sahélienne,253.9836,0,plus_petite_couverture,Phase_2_pleine
1993-07-22,C0_plus_petite_couverture,1993-07-22_015_010,-14.875,16.125,0.0,3.8251349925994873,-0.4442131221294403,-3.8251349925994873,False,False,trace,normale,1993,7,22,203,Phase_2_pleine,Pleine saison (Juillet-Aout),Louga,Zone sahélienne,280.7187,0,plus_petite_couverture,Phase_2_pleine
1993-07-22,C0_plus_petite_couverture,1993-07-22_015_011,-14.625,16.125,3.63309383392334,3.5027430057525635,0.016464637592434883,0.13035082817077637,False,False,faible,normale,1993,7,22,203,Phase_2_pleine,Pleine saison (Juillet-Aout),Matam,Zone sahélienne,307.45383,0,plus_petite_couverture,Phase_2_pleine
1993-07-22,C0_plus_petite_couverture,1993-07-22_015_012,-14.375,16.125,6.654392242431641,4.052047252655029,0.29772573709487915,2.6023449897766113,False,False,moderee,normale,1993,7,22,203,Phase_2_pleine,Pleine saison (Juillet-Aout),Matam,Zone sahélienne,334.18893,0,plus_petite_couverture,Phase_2_pleine
1993-07-22,C0_plus_petite_couverture,1993-07-22_015_013,-14.125,16.125,4.542959213256836,3.3857967853546143,0.1592145562171936,1.1571624279022217,False,False,faible,normale,1993,7,22,203,Phase_2_pleine,Pleine saison (Juillet-Aout),Matam,Zone sahélienne,360.92404,0,plus_petite_couverture,Phase_2_pleine
1993-07-22,C0_plus_petite_couverture,1993-07-22_015_014,-13.875,16.125,5.51560115814209,2.6864142417907715,0.476679265499115,2.8291869163513184,False,False,moderee,normale,1993,7,22,203,Phase_2_pleine,Pleine saison (Juillet-Aout),Matam,Zone sahélienne,387.65915,0,plus_petite_couverture,Phase_2_pleine
1993-07-22,C0_plus_petite_couverture,1993-07-22_016_005,-16.125,16.375,0.0,2.332432508468628,-0.4173015058040619,-2.332432508468628,False,False,trace,normale,1993,7,22,203,Phase_2_pleine,Pleine saison (Juillet-Aout),Saint-Louis,Zone sahélienne,146.85623,0,plus_petite_couverture,Phase_2_pleine
1993-07-22,C0_plus_petite_couverture,1993-07-22_016_006,-15.875,16.375,0.0,2.427311420440674,-0.3939703106880188,-2.427311420440674,False,False,trace,normale,1993,7,22,203,Phase_2_pleine,Pleine saison (Juillet-Aout),Saint-Louis,Zone sahélienne,173.55737,0,plus_petite_couverture,Phase_2_pleine
1993-07-22,C0_plus_petite_couverture,1993-07-22_016_007,-15.625,16.375,0.0,2.9087424278259277,-0.41270768642425537,-2.9087424278259277,False,False,trace,normale,1993,7,22,203,Phase_2_pleine,Pleine saison (Juillet-Aout),Saint-Louis,Zone sahélienne,200.25851,0,plus_petite_couverture,Phase_2_pleine
1993-07-22,C0_plus_petite_couverture,1993-07-22_016_008,-15.375,16.375,0.0,3.3964223861694336,-0.4291425347328186,-3.3964223861694336,False,False,trace,normale,1993,7,22,203,Phase_2_pleine,Pleine saison (Juillet-Aout),Louga,Zone sahélienne,226.95963,0,plus_petite_couverture,Phase_2_pleine
1993-07-22,C0_plus_petite_couverture,1993-07-22_016_009,-15.125,16.375,0.0,3.5454556941986084,-0.42824605107307434,-3.5454556941986084,False,False,trace,normale,1993,7,22,203,Phase_2_pleine,Pleine saison (Juillet-Aout),Louga,Zone sahélienne,253.66078,0,plus_petite_couverture,Phase_2_pleine
1993-07-22,C0_plus_petite_couverture,1993-07-22_016_010,-14.875,16.375,0.0,3.4709558486938477,-0.45394349098205566,-3.4709558486938477,False,False,trace,normale,1993,7,22,203,Phase_2_pleine,Pleine saison (Juillet-Aout),Louga,Zone sahélienne,280.3619,0,plus_petite_couverture,Phase_2_pleine
1993-07-22,C0_plus_petite_couverture,1993-07-22_016_011,-14.625,16.375,3.2309153079986572,3.779460906982422,-0.07011592388153076,-0.5485455989837646,False,False,faible,normale,1993,7,22,203,Phase_2_pleine,Pleine saison (Juillet-Aout),Matam,Zone sahélienne,307.06305,0,plus_petite_couverture,Phase_2_pleine
1993-07-22,C0_plus_petite_couverture,1993-07-22_016_012,-14.375,16.375,4.432389736175537,4.139857769012451,0.03389235958456993,0.29253196716308594,False,False,faible,normale,1993,7,22,203,Phase_2_pleine,Pleine saison (Juillet-Aout),Matam,Zone sahélienne,333.76416,0,plus_petite_couverture,Phase_2_pleine
1993-07-22,C0_plus_petite_couverture,1993-07-22_016_013,-14.125,16.375,6.324431896209717,3.400017261505127,0.4280751347541809,2.92441463470459,False,False,moderee,normale,1993,7,22,203,Phase_2_pleine,Pleine saison (Juillet-Aout),Matam,Zone sahélienne,360.4653,0,plus_petite_couverture,Phase_2_pleine
1993-07-22,C0_plus_petite_couverture,1993-07-22_017_010,-14.875,16.625,0.0,3.072700262069702,-0.49360015988349915,-3.072700262069702,False,False,trace,normale,1993,7,22,203,Phase_2_pleine,Pleine saison (Juillet-Aout),Louga,Zone sahélienne,279.9998,0,plus_petite_couverture,Phase_2_pleine
1993-07-22,C0_plus_petite_couverture,1993-07-22_017_011,-14.625,16.625,1.2930408716201782,3.296584367752075,-0.3074418306350708,-2.003543496131897,False,False,faible,normale,1993,7,22,203,Phase_2_pleine,Pleine saison (Juillet-Aout),Matam,Zone sahélienne,306.66644,0,plus_petite_couverture,Phase_2_pleine
1993-07-22,C0_plus_petite_couverture,1993-07-22_017_012,-14.375,16.625,1.0886714458465576,3.3851985931396484,-0.328769326210022,-2.296527147293091,False,False,faible,normale,1993,7,22,203,Phase_2_pleine,Pleine saison (Juillet-Aout),Matam,Zone sahélienne,333.33307,0,plus_petite_couverture,Phase_2_pleine
